1 44278U 19029AV  20001.25001157  .00621522  15651-3  22570-2 0  9997
2 44278  52.9925 148.5626 0019477 328.2184 149.5273 15.87657693 35069
1 44278U 19029AV  20001.58334491 -.00004789  10977-4 -47110-5 0  9992
2 44278  52.9928 146.8697 0019366 329.6624 254.5538 15.87821998 35121
1 44278U 19029AV  20001.91667824  .00073063  12945-4  27365-3 0  9992
2 44278  52.9925 145.1763 0019658 330.9828 359.7527 15.87812167 35178
1 44278U 19029AV  20002.25001157  .00385001  64687-4  13945-2 0  9997
2 44278  52.9924 143.4801 0019499 331.8048 105.4811 15.87752135 35224
1 44278U 19029AV  20002.41668981  .00294076  41963-4  10653-2 0  9995
2 44278  52.9925 142.6331 0019416 332.5352 338.0778 15.87801540 35253
1 44278U 19029AV  20002.83334491  .00086709  13719-4  32190-3 0  9998
2 44278  52.9926 140.5175 0019761 334.0329 199.7335 15.87842523 35326
1 44278U 19029AV  20002.91668981  .00018786  11144-4  79307-4 0  9993
2 44278  52.9925 140.0934 0019757 334.2566 316.2117 15.87878066 35339
1 44278U 19029AV  20003.25001157  .00774493  24397-3  28015-2 0  9992
2 44278  52.9926 138.3968 0019686 335.5872  61.4397 15.87730742 35384
1 44278U 19029AV  20003.58334491  .00289070  40925-4  10435-2 0  9993
2 44278  52.9924 136.7038 0019783 336.9579 166.6674 15.87863006 35431
1 44278U 19029AV  20003.91667824 -.00007642  10986-4 -14807-4 0  9997
2 44278  52.9920 135.0097 0019837 337.9373 272.3176 15.87937453 35493
1 44278U 19029AV  20004.25001157  .00434092  79855-4  15631-2 0  9991
2 44278  52.9920 133.3132 0019669 339.0603  17.8836 15.87847809 35542
1 44278U 19029AV  20004.41667824  .00538948  11907-3  19363-2 0  9992
2 44278  52.9923 132.4665 0019779 339.7281 250.5316 15.87868804 35577
1 44278U 19029AV  20004.91667824  .00022508  11208-4  91998-4 0  9998
2 44278  52.9922 129.9257 0019945 341.2897 229.0353 15.87996754 35657
1 44278U 19029AV  20005.25001157  .00721360  21131-3  25919-2 0  9992
2 44278  52.9922 128.2292 0019874 342.7756 334.3137 15.87856083 35705
1 44278U 19029AV  20005.50001157 -.00009481  10996-4 -21223-4 0  9999
2 44278  52.9922 126.9596 0019848 343.2643 323.8651 15.88041758 35743
1 44278U 19029AV  20005.75001157  .00103451  14856-4  37830-3 0  9995
2 44278  52.9922 125.6898 0020085 344.3191 312.9061 15.88008615 35782
1 44278U 19029AV  20006.25001157  .00666922  18068-3  23811-2 0  9999
2 44278  52.9920 123.1443 0020037 346.2728 291.2746 15.87977231 35869
1 44278U 19029AV  20006.58334491  .00050824  11979-4  19086-3 0  9998
2 44278  52.9922 121.4514 0020123 347.4061  36.9988 15.88136990 35918
1 44278U 19029AV  20006.91668981  .00005528  11016-4  31579-4 0  9994
2 44278  52.9921 119.7560 0020182 348.3692 143.0063 15.88176780 35963
1 44278U 19029AV  20007.25001157  .00472843  93459-4  16809-2 0  9994
2 44278  52.9921 118.0594 0020059 349.6580 248.6048 15.88081704 36029
1 44278U 19029AV  20007.58334491  .00044875  11776-4  16940-3 0  9999
2 44278  52.9925 116.3664 0020204 350.7370 354.4700 15.88198703 36078
1 44278U 19029AV  20007.91667824 +.00192012 +24173-4 +68488-3 0  9991
2 44278 052.9929 114.6707 0020326 351.7675 100.4210 15.88198360036125
1 44278U 19029AV  20008.25002315  .00677797  18691-3  24036-2 0  9992
2 44278  52.9930 112.9740 0020248 353.2204 206.0534 15.88105003 36183
1 44278U 19029AV  20008.58334491 -.00005431  10994-4 -68243-5 0  9993
2 44278  52.9927 111.2809 0020348 354.3031 311.9181 15.88259551 36236
1 44278U 19029AV  20008.91667824  .00038318  11580-4  14579-3 0  9990
2 44278  52.9925 109.5849 0020351 355.2695  57.9963 15.88280526 36284
1 44278U 19029AV  20009.25001157  .00400091  69446-4  14141-2 0  9998
2 44278  52.9928 107.8882 0020216 356.5556 163.7905 15.88211123 36330
1 44278U 19029AV  20009.33335648  .00254892  34308-4  90270-3 0  9995
2 44278  52.9930 107.4649 0020233 356.9365 280.2399 15.88258922 36353
1 44278U 19029AV  20009.58334491  .00000066  10999-4  12337-4 0  9998
2 44278  52.9930 106.1951 0020484 357.7862 269.6551 15.88313398 36398
1 44278U 19029AV  20010.25001157  .00340666  53063-4  11997-2 0  9995
2 44278  52.9929 102.8024 0020308   0.0051 121.7445 15.88305700 36492
1 44278U 19029AV  20010.58334491  .00028209  11335-4  10985-3 0  9990
2 44278  52.9930 101.1091 0020606   1.0359 227.9192 15.88394933 36554
1 44278U 19029AV  20010.91667824  .00262082  35699-4  92111-3 0  9995
2 44278  52.9933  99.4122 0020605   2.0957 334.0895 15.88390453 36604
1 44278U 19029AV  20011.25001157  .00325537  49388-4  11402-2 0  9992
2 44278  52.9934  97.7154 0020457   3.5361  79.9337 15.88416962 36656
1 44278U 19029AV  20011.58334491  .00058666  12305-4  21462-3 0  9991
2 44278  52.9931  96.0217 0020776   4.5913 186.1608 15.88464131 36713
1 44278U 19029AV  20011.91668981  .00080985  13421-4  29132-3 0  9993
2 44278  52.9927  94.3245 0020621   5.6176 292.5131 15.88496070 36767
1 44278U 19029AV  20012.25001157  .00405386  71229-4  14151-2 0  9997
2 44278  52.9928  92.6279 0020479   7.0212  38.3941 15.88447468 36812
1 44278U 19029AV  20012.58334491  .00026038  11296-4  10159-3 0  9999
2 44278  52.9930  90.9340 0020817   7.7855 145.0007 15.88530784 36869
1 44278U 19029AV  20012.91668981  .00005382  11030-4  30447-4 0  9998
2 44278  52.9928  89.2364 0020696   8.8547 251.3824 15.88571344 36920
1 44278U 19029AV  20013.25001157  .00191681  24195-4  67120-3 0  9993
2 44278  52.9926  87.5400 0020617  10.2480 357.3429 15.88555532 36970
1 44278U 19029AV  20013.58334491  .00044943  11796-4  16620-3 0  9999
2 44278  52.9925  85.8458 0020912  11.0559 103.9842 15.88581791 37024
1 44278U 19029AV  20013.91667824  .00180232  22675-4  63040-3 0  9993
2 44278  52.9925  84.1477 0020840  12.2649 210.2324 15.88591827 37084
1 44278U 19029AV  20014.25001157  .00124875  16647-4  43975-3 0  9990
2 44278  52.9926  82.4509 0020777  13.6662 316.3074 15.88623836 37133
1 44278U 19029AV  20014.58334491  .00055677  12191-4  20247-3 0  9996
2 44278  52.9925  80.7565 0021086  14.5445  62.9474 15.88631508 37186
1 44278U 19029AV  20014.91667824  .00086311  13750-4  30703-3 0  9991
2 44278  52.9923  79.0583 0020908  15.7103 169.3039 15.88657006 37248
1 44278U 19029AV  20015.25001157  .00302778  44212-4  10486-2 0  9990
2 44278  52.9923  77.3618 0020839  17.2253 275.3357 15.88641199 37296
1 44278U 19029AV  20015.51345801 +.00019800 +11192-4 +79425-4 0  9998
2 44278 052.9938 076.0217 0021102 018.1681 342.0092 15.88695310036563
1 44278U 19029AV  20015.58334491  .00092568  14151-4  32797-3 0  9998
2 44278  52.9926  75.6672 0021111  17.8718  22.2694 15.88677025 37342
1 44278U 19029AV  20015.91667824  .00261223  35630-4  90427-3 0  9999
2 44278  52.9929  73.9688 0021000  19.0486 128.6886 15.88677878 37391
1 44278U 19029AV  20016.25001157  .00425910  77887-4  14679-2 0  9997
2 44278  52.9926  72.2724 0020995  20.6293 234.7217 15.88675372 37458
1 44278U 19029AV  20016.50001157  .00014341  11118-4  60615-4 0  9995
2 44278  52.9925  71.0015 0021209  21.0618 225.0214 15.88752682 37496
1 44278U 19029AV  20016.58335648 +.00184887 +23307-4 +64189-3 0  9993
2 44278 052.9923 070.5774 0021238 021.3685 341.7005 15.88715260001822
1 44278U 19029AV  20016.75001157 -.00033198  11307-4 -10085-3 0  9990
2 44278  52.9922  69.7282 0021124  21.7577 215.0575 15.88795679 37537
1 44278U 19029AV  20016.91667824  .00172384  21709-4  59860-3 0  9997
2 44278  52.9925  68.8787 0020998  22.4261  88.2403 15.88746366 37557
1 44278U 19029AV  20017.25001157 -.00014087  11051-4 -35947-4 0  9993
2 44278  52.9928  67.1824 0021051  23.7685 194.5710 15.88821333 37616
1 44278U 19029AV  20017.58334491  .00079185  13339-4  28044-3 0  9997
2 44278  52.9927  65.4873 0021359  24.5279 301.5392 15.88796916 37668
1 44278U 19029AV  20017.91667824  .00036661  11559-4  13605-3 0  9994
2 44278  52.9928  63.7886 0021068  25.8001  47.9997 15.88826644 37718
1 44278U 19029AV  20018.25002315  .00022983  11252-4  89496-4 0  9994
2 44278  52.9929  62.0924 0021133  27.0973 154.5101 15.88868521 37777
1 44278U 19029AV  20018.58334491 +.00140569 +18158-4 +48760-3 0  9994
2 44278 052.9931 060.3972 0021379 027.7597 261.5733 15.88841003037827
1 44278U 19029AV  20018.91667824  .00455817  88102-4  15600-2 0  9997
2 44278  52.9936  58.6981 0021173  29.4446   7.6988 15.88799739 37870
1 44278U 19029AV  20019.25001157  .00281406  39709-4  96329-3 0  9994
2 44278  52.9933  57.0019 0021254  30.5592 114.3929 15.88872382 37920
1 44278U 19029AV  20019.58334491  .00124139  16611-4  43058-3 0  9997
2 44278  52.9928  55.3063 0021466  31.2039 221.5983 15.88901729 37988
1 44278U 19029AV  20019.91667824  .00122319  16452-4  42440-3 0  9998
2 44278  52.9929  53.6071 0021188  32.7147 327.9587 15.88914031 38034
1 44278U 19029AV  20020.25001157 -.00005512  11022-4 -68085-5 0  9998
2 44278  52.9931  51.9111 0021312  33.7517  74.7911 15.88983100 38080
1 44278U 19029AV  20020.58334491  .00040799  11684-4  14884-3 0  9998
2 44278  52.9930  50.2151 0021473  34.3500 182.1105 15.88975325 38148
1 44278U 19029AV  20020.91667824  .00158800  20127-4  54618-3 0  9998
2 44278  52.9930  48.5161 0021281  35.9919 288.4063 15.88957992 38195
1 44278U 19029AV  20021.25001157  .00001101  11029-4  15376-4 0  9998
2 44278  52.9930  46.8202 0021374  36.9239  35.4094 15.89033719 38244
1 44278U 19029AV  20021.58334491  .00066657  12697-4  23516-3 0  9997
2 44278  52.9930  45.1237 0021484  37.6309 142.6800 15.89024649 38307
1 44278U 19029AV  20021.91667824  .00428671  79028-4  14553-2 0  9992
2 44278  52.9933  43.4241 0021398  39.4775 248.8436 15.88957826 38357
1 44278U 19029AV  20022.25001157  .00089729  13995-4  31180-3 0  9995
2 44278  52.9932  41.7280 0021499  40.2960 356.0235 15.89069291 38404
1 44278U 19029AV  20022.58334491  .00057665  12296-4  20428-3 0  9991
2 44278  52.9926  40.0312 0021603  41.0533 103.3125 15.89091006 38452
1 44278U 19029AV  20023.25001157  .00028709  11377-4  10724-3 0  9990
2 44278  52.9930  36.6356 0021497  43.5902 316.9510 15.89152378 38566
1 44278U 19029AV  20023.50001157  .00089828  14006-4  31092-3 0  9990
2 44278  52.9930  35.3632 0021619  44.0530 307.5970 15.89141566 38606
1 44278U 19029AV  20023.58334491  .00020258  11218-4  78978-4 0  9997
2 44278  52.9930  34.9384 0021583  44.3166  64.3593 15.89177048 38617
1 44278U 19029AV  20023.91667824  .00279857  39485-4  94528-3 0  9998
2 44278  52.9929  33.2388 0021408  46.0597 170.7949 15.89131306 38674
1 44278U 19029AV  20024.25001157  .00006297  11061-4  32460-4 0  9991
2 44278  52.9928  31.5427 0021550  46.8056 278.2254 15.89230743 38728
1 44278U 19029AV  20024.58334491  .00024198  11289-4  91752-4 0  9998
2 44278  52.9927  29.8450 0021586  47.6374  25.6049 15.89248291 38772
1 44278U 19029AV  20024.91667824  .00458701  89477-4  15404-2 0  9997
2 44278  52.9929  28.1450 0021439  49.5101 131.9934 15.89163083 38838
1 44278U 19029AV  20025.25001157  .00094521  14326-4  32431-3 0  9993
2 44278  52.9930  26.4488 0021663  50.1812 239.5754 15.89275910 38881
1 44278U 19029AV  20025.58335648  .00034869  11531-4  12669-3 0  9999
2 44278  52.9928  24.7508 0021657  51.0023 347.1055 15.89311847 38935
1 44278U 19029AV  20025.91667824  .00108976  15383-4  37184-3 0  9999
2 44278  52.9930  23.0511 0021480  52.8486  93.5202 15.89299141 38983
1 44278U 19029AV  20026.25001157  .00077344  13269-4  26661-3 0  9991
2 44278  52.9932  21.3551 0021637  53.5508 201.1569 15.89340087 39044
1 44278U 19029AV  20026.41667824  .00100521  14749-4  34329-3 0  9996
2 44278  52.9936  20.5065 0021646  53.8245  75.0702 15.89326729 39066
1 44278U 19029AV  20026.91667824  .00466901  92549-4  15575-2 0  9993
2 44278  52.9937  17.9569 0021496  56.4756  55.0046 15.89290527 39149
1 44278U 19029AV  20027.25001157  .00005123  11061-4  28295-4 0  9992
2 44278  52.9935  16.2608 0021702  56.7677 163.1214 15.89415226 39208
1 44278U 19029AV  20027.58334491 -.00009338  11048-4 -19179-4 0  9998
2 44278  52.9934  14.5620 0021623  57.8189 270.5076 15.89449789 39259
1 44278U 19029AV  20027.83334491  .00338934  53192-4  11285-2 0  9995
2 44278  52.9935  13.2867 0021561  59.4107 260.2872 15.89369361 39299
1 44278U 19029AV  20027.91667824  .00186508  23649-4  62456-3 0  9992
2 44278  52.9937  12.8620 0021552  59.6852  17.1222 15.89412146 39302
1 44278U 19029AV  20028.25001157  .00091498  14136-4  31133-3 0  9993
2 44278  52.9938  11.1659 0021760  60.1095 125.1916 15.89459252 39369
1 44278U 19029AV  20028.58334491  .00056260  12257-4  19546-3 0  9993
2 44278  52.9936   9.4669 0021651  61.2182 232.5964 15.89500592 39412
1 44278U 19029AV  20028.91667824  .00194951  24829-4  64996-3 0  9996
2 44278  52.9938   7.7674 0021591  63.1014 339.2750 15.89481883 39463
1 44278U 19029AV  20029.25001157  .00074707  13135-4  25537-3 0  9997
2 44278  52.9940   6.0710 0021718  63.3363  87.6197 15.89531661 39514
1 44278U 19029AV  20029.50001157 +.00041365 +11726-4 +14624-3 0  9998
2 44278 052.9943 004.7969 0021694 063.9681 078.4328 15.89565561039554
1 44278U 19029AV  20029.91667824  .00109034  15410-4  36649-3 0  9995
2 44278  52.9946   2.6718 0021635  66.2694 301.9511 15.89587900 39628
1 44278U 19029AV  20030.25001157  .00045808  11872-4  16021-3 0  9993
2 44278  52.9941   0.9752 0021730  66.7335  50.1852 15.89627104 39672
1 44278U 19029AV  20030.50002315  .00013496  11141-4  55094-4 0  9999
2 44278  52.9937 359.7006 0021659  67.6167  40.8994 15.89670502 39715
1 44278U 19029AV  20031.41667824  .00038090  11635-4  13437-3 0  9991
2 44278  52.9939 355.0293 0021603  70.4358 247.1751 15.89742724 39862
1 44278U 19029AV  20031.58334491  .00062760  12551-4  21387-3 0  9992
2 44278  52.9940 354.1786 0021556  71.4466 120.5830 15.89764259 39891
1 44278U 19029AV  20031.91667824 +.00012183 +11131-4 +50486-4 0  9998
2 44278 052.9941 352.4789 0021537 072.9890 227.9238 15.89810729001811
1 44278U 19029AV  20032.00001157  .00032208  11482-4  11491-3 0  9991
2 44278  52.9940 352.0548 0021506  73.2403 344.9009 15.89823641 39958
1 44278U 19029AV  20032.25001157  .00091843  14182-4  30695-3 0  9995
2 44278  52.9942 350.7819 0021576  73.5173 336.3331 15.89815046 39997
1 44278U 19029AV  20032.58334491  .00082210  13579-4  27531-3 0  9993
2 44278  52.9945 349.0810 0021468  74.8443  83.9536 15.89863487 40048
1 44278U 19029AV  20032.91667824  .00185666  23615-4  60734-3 0  9992
2 44278  52.9945 347.3810 0021536  76.4410 191.3489 15.89873254 40108
1 44278U 19029AV  20033.25001157  .00074343  13134-4  24952-3 0  9997
2 44278  52.9942 345.6835 0021625  76.8096 300.0128 15.89897891 40153
1 44278U 19029AV  20033.41667824 +.00126320 +16906-4 +41585-3 0  9998
2 44278 052.9936 344.8333 0021549 077.3386 174.0019 15.89915370001847
1 44278U 19029AV  20033.58334491  .00028435  11399-4  10207-3 0  9993
2 44278  52.9939 343.9824 0021458  78.3900  47.4956 15.89958687 40201
1 44278U 19029AV  20033.91667824  .00231171  30577-4  75054-3 0  9992
2 44278  52.9941 342.2824 0021463  80.0289 154.9597 15.89953206 40265
1 44278U 19029AV  20034.08334491  .00010191  11116-4  43646-4 0  9990
2 44278  52.9939 341.4338 0021468  79.9490  29.5963 15.90004608 40280
1 44278U 19029AV  20034.58334491  .00028092  11394-4  10058-3 0  9992
2 44278  52.9942 338.8832 0021354  81.7415  11.5459 15.90039150 40365
1 44278U 19029AV  20034.91667824 +.00087561 +13920-4 +28948-3 0  9998
2 44278 052.9942 337.1836 0021398 083.1563 119.3329 15.90068733001829
1 44278U 19029AV  20035.08335648  .00018243  11216-4  69039-4 0  9997
2 44278  52.9939 336.3347 0021384  83.2325 353.9373 15.90088779 40443
1 44278U 19029AV  20035.25001157  .00063885  12617-4  21413-3 0  9992
2 44278  52.9942 335.4855 0021400  83.4640 228.2714 15.90075818 40478
1 44278U 19029AV  20035.58334491  .00226804  29873-4  73199-3 0  9990
2 44278  52.9945 333.7833 0021272  85.2652 335.7377 15.90081953 40520
1 44278U 19029AV  20035.91667824 -.00021645  11169-4 -57382-4 0  9990
2 44278  52.9946 332.0833 0021407  86.2496  84.0407 15.90172717 40583
1 44278U 19029AV  20036.16667824  .00131429  17404-4  42737-3 0  9993
2 44278  52.9945 330.8098 0021409  86.5655  75.7335 15.90140789 40618
1 44278U 19029AV  20036.50001157  .00077521  13325-4  25588-3 0  9997
2 44278  52.9942 329.1084 0021316  88.1293 183.5240 15.90199351 40672
1 44278U 19029AV  20036.83334491  .00375359  63530-4  11994-2 0  9991
2 44278  52.9945 327.4076 0021351  90.0220 291.0343 15.90165080 40725
1 44278U 19029AV  20036.91667824 +.00286328 +41244-4 +91602-3 0  9999
2 44278 052.9945 326.9830 0021306 089.9962 048.4122 15.90193118001849
1 44278U 19029AV  20037.08334491  .00016232  11192-4  62127-4 0  9994
2 44278  52.9945 326.1341 0021349  89.7986 283.3253 15.90255844 40763
1 44278U 19029AV  20037.58334491 +.00111338 +15647-4 +36152-3 0  9999
2 44278 052.9949 323.5822 0021203 092.0648 265.2614 15.90266867001790
1 44278U 19029AV  20037.83334491  .00050192  12053-4  16854-3 0  9992
2 44278  52.9948 322.3070 0021269  92.9123 256.5280 15.90319086 40887
1 44278U 19029AV  20037.91667824  .00008062  11107-4  36253-4 0  9994
2 44278  52.9947 321.8825 0021196  93.0460  13.7777 15.90341495 40897
1 44278U 19029AV  20038.25001157  .00101488  14891-4  32952-3 0  9993
2 44278  52.9945 320.1835 0021105  93.5742 122.8161 15.90328732 40951
1 44278U 19029AV  20038.58334491  .00367070  61273-4  11644-2 0  9990
2 44278  52.9948 318.4807 0021144  95.4273 230.5625 15.90318062 41000
1 44278U 19029AV  20038.91667824 -.00018245  11138-4 -45969-4 0  9999
2 44278  52.9949 316.7808 0021165  96.1919 339.4117 15.90457000 41057
1 44278U 19029AV  20039.25001157  .00190030  24311-4  60478-3 0  9997
2 44278  52.9945 315.0815 0021068  96.8249  88.4675 15.90417533 41112
1 44278U 19029AV  20039.58334491  .00042627  11797-4  14366-3 0  9990
2 44278  52.9945 313.3787 0021075  98.7179 196.2877 15.90479262 41166
1 44278U 19029AV  20039.75001157  .00364780  60710-4  11499-2 0  9998
2 44278  52.9947 312.5281 0021114  99.7040  70.1707 15.90441976 41196
1 44278U 19029AV  20040.16667824  .00066067  12740-4  21612-3 0  9990
2 44278  52.9949 310.4045 0021042  99.9825 297.1128 15.90529626 41250
1 44278U 19029AV  20040.25001157 +.00193594 +24830-4 +61301-3 0  9999
2 44278 052.9946 309.9791 0020938 100.3514 054.1911 15.90514386001796
1 44278U 19029AV  20040.75001157  .00290439  42274-4  91240-3 0  9997
2 44278  52.9947 307.4256 0021061 102.8369  36.4560 15.90553059 41347
1 44278U 19029AV  20041.16667824  .00090480  14141-4  29067-3 0  9996
2 44278  52.9941 305.3015 0021011 103.1720 263.4890 15.90617305 41412
1 44278U 19029AV  20041.41667824  .00011967  11151-4  47719-4 0  9990
2 44278  52.9941 304.0240 0020881 104.5629 254.5075 15.90669893 41454
1 44278U 19029AV  20041.58334491 +.00261268 +36259-4 +82010-3 0  9998
2 44278 052.9939 303.1723 0020869 105.4005 128.6502 15.90599964001780
1 44278U 19029AV  20041.91667824  .00026880  11387-4  93547-4 0  9996
2 44278  52.9939 301.4724 0020911 106.0801 237.9111 15.90706650 41530
1 44278U 19029AV  20042.25001157  .00052383  12150-4  17201-3 0  9993
2 44278  52.9935 299.7716 0020800 106.7683 347.2143 15.90718064 41585
1 44278U 19029AV  20042.58334491  .00156715  20122-4  49343-3 0  9993
2 44278  52.9934 298.0682 0020858 108.7220  95.2934 15.90706609 41647
1 44278U 19029AV  20042.91667824 -.00010923  11090-4 -22762-4 0  9992
2 44278  52.9935 296.3681 0020786 109.4495 204.5996 15.90787242 41690
1 44278U 19029AV  20043.16667824  .00086779  13910-4  27722-3 0  9993
2 44278  52.9937 295.0928 0020695 109.8183 196.8001 15.90768495 41733
1 44278U 19029AV  20043.58334491  .00475045  97065-4  14755-2 0  9992
2 44278  52.9936 292.9630 0020691 112.0834  62.1785 15.90711355 41808
1 44278U 19029AV  20043.83334491  .00314699  47923-4  97632-3 0  9991
2 44278  52.9936 291.6878 0020714 112.6534  54.2002 15.90791869 41843
1 44278U 19029AV  20043.91667824 +.00077594 +13361-4 +24807-3 0  9992
2 44278 052.9933 291.2629 0020692 112.5816 171.8074 15.90841918001782
1 44278U 19029AV  20044.25001157 -.00014195  11113-4 -32632-4 0  9990
2 44278  52.9929 289.5611 0020579 113.4720 281.0823 15.90890065 41907
1 44278U 19029AV  20044.50001157  .00217948  28590-4  67882-3 0  9998
2 44278  52.9932 288.2830 0020651 115.0824 272.1235 15.90807379 41942
1 44278U 19029AV  20044.58334491 +.00364520 +60868-4 +11285-2 0  9994
2 44278 052.9931 287.8571 0020625 115.4175 029.3555 15.90810378001791
1 44278U 19029AV  20044.91667824  .00016735  11215-4  61659-4 0  9996
2 44278  52.9933 286.1570 0020622 115.7071 139.2795 15.90921022 42015
1 44278U 19029AV  20045.25001157  .00036300  11622-4  12115-3 0  9999
2 44278  52.9931 284.4548 0020453 116.7207 248.5148 15.90946636 42062
1 44278U 19029AV  20045.58334491  .00203835  26408-4  63206-3 0  9999
2 44278  52.9932 282.7511 0020628 118.6237 356.9074 15.90914233 42118
1 44278U 19029AV  20045.91668981  .00090177  14141-4  28478-3 0  9996
2 44278  52.9933 281.0509 0020457 119.1396 106.7590 15.90971358 42171
1 44278U 19029AV  20046.25001157  .00050136  12074-4  16276-3 0  9997
2 44278  52.9938 279.3485 0020334 120.2065 215.9527 15.91010804 42229
1 44278U 19029AV  20046.58335648  .00176407  22571-4  54637-3 0  9994
2 44278  52.9940 277.6444 0020492 121.8035 324.7959 15.90991572 42279
1 44278U 19029AV  20046.91667824  .00062170  12576-4  19893-3 0  9995
2 44278  52.9936 275.9442 0020346 122.2164  74.7044 15.91043935 42335
1 44278U 19029AV  20047.25001157 -.00001584  11078-4  58011-5 0  9990
2 44278  52.9933 274.2414 0020274 123.5095 183.8176 15.91088576 42383
1 44278U 19029AV  20047.58334491 +.00111926 +15756-4 +34906-3 0  9999
2 44278 052.9936 272.5374 0020404 125.1187 292.6623 15.91074889042431
1 44278U 19029AV  20047.91667824  .00083954  13751-4  26408-3 0  9995
2 44278  52.9937 270.8371 0020225 125.4379  42.8189 15.91109681 42494
1 44278U 19029AV  20048.16667824  .00104476  15169-4  32584-3 0  9993
2 44278  52.9933 269.5603 0020108 126.2944  34.8327 15.91126430 42520
1 44278U 19029AV  20048.50001157  .00141273  18483-4  43681-3 0  9990
2 44278  52.9933 267.8559 0020255 128.0437 143.6178 15.91125036 42581
1 44278U 19029AV  20048.66667824  .00056871  12347-4  18164-3 0  9996
2 44278  52.9936 267.0053 0020261 128.5844  18.3363 15.91178276 42600
1 44278U 19029AV  20048.83334491 -.00014169 +11118-4 -32048-4 0  9995
2 44278 052.9935 266.1552 0020112 128.7521 253.4526 15.91205108001830
1 44278U 19029AV  20049.25001157  .00040727  11759-4  13276-3 0  9991
2 44278  52.9939 264.0264 0019957 130.1749 120.2705 15.91234135 42708
1 44278U 19029AV  20049.58334491  .00254214  35086-4  77458-3 0  9996
2 44278  52.9939 262.3225 0020150 131.4837 229.6001 15.91207396 42752
1 44278U 19029AV  20049.83334491  .00045398  11912-4  14647-3 0  9998
2 44278  52.9933 261.0472 0019997 131.8046 222.2699 15.91273223 42797
1 44278U 19029AV  20050.25001157 -.00009850  11096-4 -18923-4 0  9996
2 44278  52.9929 258.9178 0019845 133.5512  88.9530 15.91359837 42864
1 44278U 19029AV  20050.58334491  .00189298  24376-4  57475-3 0  9994
2 44278  52.9931 257.2136 0019912 134.9611 198.3546 15.91370546 42912
1 44278U 19029AV  20050.83334491  .00060212  12502-4  18935-3 0  9992
2 44278  52.9929 255.9380 0019736 135.1611 191.2911 15.91433871 42955
1 44278U 19029AV  20050.83923043 +.00176970 +22734-4 +53320-3 0  9993
2 44278 052.9912 255.9066 0019415 138.1334 222.1180 15.91559897042181
1 44278U 19029AV  20051.25001157  .00143849  18793-4  43704-3 0  9997
2 44278  52.9926 253.8081 0019579 136.8146  58.2626 15.91478615 43022
1 44278U 19029AV  20051.50002315  .00423245  79359-4  12695-2 0  9992
2 44278  52.9924 252.5296 0019725 138.0331  50.3346 15.91432052 43068
1 44278U 19029AV  20051.58334491 +.00151148 +19590-4 +45798-3 0  9995
2 44278 052.9926 252.1042 0019672 138.2383 167.7824 15.91505166001789
1 44278U 19029AV  20051.71839324  .00068670  12912-4  21307-3 0  9993
2 44278  52.9909 251.4131 0019337 138.6572 221.5921 15.91575096 43099
1 44278U 19029AV  20051.91667824  .00200033  25959-4  60258-3 0  9993
2 44278  52.9927 250.4029 0019386 138.8870 278.1373 15.91522243 43120
1 44278U 19029AV  20052.25002315  .00210846  27626-4  63312-3 0  9999
2 44278  52.9930 248.6976 0019302 140.2093  27.9071 15.91570155 43182
1 44278U 19029AV  20052.58334491  .00160617  20695-4  48358-3 0  9990
2 44278  52.9928 246.9933 0019419 141.4410 137.6832 15.91611012 43236
1 44278U 19029AV  20052.91144123 +.00054233 +12254-4 +16969-3 0  9999
2 44278 052.9907 245.3153 0019240 143.4927 216.7414 15.91664268042513
1 44278U 19029AV  20052.91667824  .00054521  12266-4  17059-3 0  9991
2 44278  52.9923 245.2915 0019234 141.9230 248.3391 15.91658624 43288
1 44278U 19029AV  20053.25001157  .00322278  50187-4  95821-3 0  9994
2 44278  52.9920 243.5860 0019079 143.5637 357.8682 15.91664620 43339
1 44278U 19029AV  20053.58334491  .00345826  56271-4  10259-2 0  9995
2 44278  52.9921 241.8816 0019196 144.8160 107.8281 15.91691452 43394
1 44278U 19029AV  20053.85325465 +.00002026 +11101-4 +16166-4 0  9996
2 44278 052.9904 240.5011 0019701 147.0300 213.1958 15.91760784042667
1 44278U 19029AV  20053.91667824  .00152284  19747-4  45613-3 0  9995
2 44278  52.9923 240.1794 0018946 145.3626 218.5483 15.91748589 43442
1 44278U 19029AV  20054.25001157  .00054029  12251-4  16786-3 0  9994
2 44278  52.9921 238.4735 0018912 147.0568 328.1462 15.91815770 43499
1 44278U 19029AV  20054.58334491  .00135013  17921-4  40354-3 0  9990
2 44278  52.9920 236.7694 0018972 148.2008  78.3411 15.91842981 43550
1 44278U 19029AV  20054.91668981  .00185238  23893-4  55028-3 0  9994
2 44278  52.9922 235.0667 0018648 148.8987 189.1059 15.91840889 43606
1 44278U 19029AV  20055.25001157  .00390624  69248-4  11489-2 0  9991
2 44278  52.9926 233.3602 0018641 150.5300 298.8326 15.91856161 43652
1 44278U 19029AV  20055.58334491  .00580410  14389-3  17038-2 0  9992
2 44278  52.9924 231.6558 0018669 151.3900  49.4400 15.91856532 43718
1 44278U 19029AV  20055.91667824  .00057136  12385-4  17569-3 0  9997
2 44278  52.9919 229.9530 0018390 152.0926 160.2439 15.91967745 43767
1 44278U 19029AV  20056.25001157  .00445728  87586-4  13046-2 0  9994
2 44278  52.9919 228.2461 0018469 153.9042 269.9832 15.91938970 43816
1 44278U 19029AV  20056.55278329 +.00052732 +12206-4 +16237-3 0  9996
2 44278 052.9913 226.6983 0018062 155.0508 205.1394 15.92044466043094
1 44278U 19029AV  20056.58334491  .00190655  24688-4  56063-3 0  9997
2 44278  52.9923 226.5416 0018422 154.9347  20.5225 15.92033373 43877
1 44278U 19029AV  20056.91667824  .00261174  36701-4  76544-3 0  9993
2 44278  52.9922 224.8385 0018081 155.6301 131.4607 15.92018220 43927
1 44278U 19029AV  20057.25002315  .00230220  30953-4  67391-3 0  9990
2 44278  52.9922 223.1315 0018281 157.3702 241.4439 15.92066992 43977
1 44278U 19029AV  20057.50001157 +.00289052 +42584-4 +84226-3 0  9997
2 44278 052.9922 221.8530 0018358 158.1167 234.3920 15.92096483044010
1 44278U 19029AV  20058.16667824  .00377097  65365-4  10951-2 0  9991
2 44278  52.9928 218.4431 0017860 160.3576  95.6260 15.92130157 44128
1 44278U 19029AV  20058.81252255  .00050925  12142-4  15560-3 0  9996
2 44278  52.9919 215.1375 0017648 161.7055 198.4609 15.92247648 44224
1 44278U 19029AV  20058.91667824  .00178894  23093-4  52229-3 0  9995
2 44278  52.9919 214.6080 0017577 162.7438  74.8237 15.92220201 44240
1 44278U 19029AV  20059.25002315  .00139955  18466-4  40992-3 0  9998
2 44278  52.9920 212.9004 0017810 164.2835 185.2237 15.92251973 44299
1 44278U 19029AV  20059.50001157 +.00207669 +27281-4 +60237-3 0  9996
2 44278 052.9922 211.6217 0017793 164.9752 178.3807 15.92287339001810
1 44278U 19029AV  20059.58334491  .00118199  16384-4  34665-3 0  9991
2 44278  52.9921 211.1961 0017632 165.2415 296.0971 15.92317953 44343
1 44278U 19029AV  20059.75399346  .00064730  12745-4  19418-3 0  9997
2 44278  52.9916 210.3212 0017697 165.4704 194.6834 15.92332658 44374
1 44278U 19029AV  20060.25001157  .00144092  18914-4  41984-3 0  9991
2 44278  52.9918 207.7841 0017535 167.8066 157.4849 15.92347040 44455
1 44278U 19029AV  20060.50713078 +.00065876 +12805-4 +19664-3 0  9996
2 44278 052.9915 206.4684 0017209 168.3493 191.7934 15.92425834043724
1 44278U 19029AV  20060.58334491  .00125629  17067-4  36598-3 0  9995
2 44278  52.9917 206.0798 0017415 168.8601 268.4540 15.92420206 44503
1 44278U 19029AV  20060.91667824  .00137597  18243-4  39960-3 0  9991
2 44278  52.9918 204.3748 0017092 170.2378  19.1602 15.92444826 44569
1 44278U 19029AV  20061.25001157  .00505994  11132-3  14485-2 0  9993
2 44278  52.9920 202.6667 0017169 171.2208 130.3200 15.92393090 44613
1 44278U 19029AV  20061.51125199 +.00046139 +11973-4 +13990-3 0  9991
2 44278 052.9913 201.3298 0017551 171.8005 188.3311 15.92523839043887
1 44278U 19029AV  20061.58334491  .00080856  13632-4  23760-3 0  9999
2 44278  52.9917 200.9621 0017018 172.3553 241.3427 15.92551038 44665
1 44278U 19029AV  20061.91667824  .00164149  21252-4  47207-3 0  9992
2 44278  52.9908 199.2566 0016811 173.5907 352.3347 15.92563722 44712
1 44278U 19029AV  20062.25001157  .00231212  31256-4  66067-3 0  9997
2 44278  52.9909 197.5483 0017055 174.9292 103.2726 15.92565173 44777
1 44278U 19029AV  20062.58334491  .00098027  14784-4  28464-3 0  9994
2 44278  52.9910 195.8436 0016774 175.9906 214.5021 15.92646722 44828
1 44278U 19029AV  20062.70355056 +.00045892 +11968-4 +13841-3 0  9994
2 44278 052.9909 195.2265 0016885 176.5127 183.6019 15.92654082044073
1 44278U 19029AV  20062.91667824  .00058838  12484-4  17443-3 0  9996
2 44278  52.9907 194.1377 0016557 177.3813 325.4630 15.92691256 44877
1 44278U 19029AV  20063.58202406 +.00047705 +12036-4 +14260-3 0  9999
2 44278 052.9913 190.7294 0017334 179.6809 180.4231 15.92757715044215
1 44278U 19029AV  20063.58334491  .00099989  14936-4  28864-3 0  9996
2 44278  52.9906 190.7246 0016515 179.7162 187.9595 15.92753117 44988
1 44278U 19029AV  20063.91667824  .00017259  11261-4  57760-4 0  9998
2 44278  52.9909 189.0180 0016350 181.1951 298.9559 15.92813054 45036
1 44278U 19029AV  20064.25001157  .00794211  27372-3  22435-2 0  9995
2 44278  52.9908 187.3092 0016377 182.1875  50.5141 15.92666868 45097
1 44278U 19029AV  20064.39770700 +.00030043 +11507-4 +93214-4 0  9992
2 44278 052.9912 186.5538 0016507 181.7848 178.3121 15.92826884044348
1 44278U 19029AV  20064.58334491  .00103944  15245-4  29814-3 0  9994
2 44278  52.9906 185.6041 0016184 183.2588 161.9839 15.92860280 45140
1 44278U 19029AV  20064.91667824  .00214119  28441-4  60347-3 0  9995
2 44278  52.9901 183.8972 0016096 184.6621 273.1852 15.92877302 45192
1 44278U 19029AV  20065.25001157  .00625718  16879-3  17543-2 0  9995
2 44278  52.9901 182.1882 0016292 185.8248  24.6897 15.92806200 45254
1 44278U 19029AV  20065.50001157  .00054728  12317-4  16065-3 0  9993
2 44278  52.9906 180.9094 0016201 186.5866  18.4201 15.92969717 45291
1 44278U 19029AV  20065.83334491  .00151965  19862-4  42884-3 0  9990
2 44278  52.9903 179.2031 0015790 188.2375 129.5187 15.92984641 45342
1 44278U 19029AV  20065.91667824  .00065535  12811-4  18999-3 0  9992
2 44278  52.9903 178.7756 0015853 188.5204 247.4189 15.93026720 45353
1 44278U 19029AV  20066.25001157  .00312087  48335-4  87004-3 0  9991
2 44278  52.9904 177.0669 0016006 189.4947 359.2468 15.92995529 45414
1 44278U 19029AV  20066.58334491 -.00017064  11180-4 -37135-4 0  9995
2 44278  52.9906 175.3616 0015718 190.8315 110.7312 15.93102791 45468
1 44278U 19029AV  20066.59353904 +.00067089 +12892-4 +19355-3 0  9990
2 44278 052.9917 175.3073 0015778 191.0724 168.9957 15.93098927044699
1 44278U 19029AV  20066.83335648  .00060216  12561-4  17460-3 0  9995
2 44278  52.9909 174.0811 0015606 192.1988 104.0819 15.93115507 45503
1 44278U 19029AV  20067.25001157  .00274007  39717-4  76062-3 0  9997
2 44278  52.9913 171.9445 0015720 193.1389 334.2232 15.93111681 45561
1 44278U 19029AV  20067.58334491 +.00094861 +14589-4 +26864-3 0  9996
2 44278 052.9909 170.2390 0015373 194.3668 085.9555 15.93184289045623
1 44278U 19029AV  20067.83334491  .00047654  12049-4  13941-3 0  9993
2 44278  52.9905 168.9581 0015362 195.6461  79.4188 15.93227291 45663
1 44278U 19029AV  20067.91667824 +.00073165 +13220-4 +20878-3 0  9996
2 44278 052.9905 168.5306 0015417 195.8166 197.5019 15.93237981001797
1 44278U 19029AV  20068.25001157 +.00235378 +32177-4 +65095-3 0  9993
2 44278 052.9909 166.8214 0015531 196.7050 309.6660 15.93224948045727
1 44278U 19029AV  20068.83334491 -.00007560  11133-4 -10784-4 0  9994
2 44278  52.9906 163.8338 0014306 201.7377  52.9126 15.93645895 45820
1 44278U 19029AV  20069.41667824  .00100815  15062-4  27777-3 0  9997
2 44278  52.9908 160.8430 0014317 203.4621 159.8761 15.93691023 45911
1 44278U 19029AV  20069.91667824  .00132062  17817-4  36020-3 0  9992
2 44278  52.9912 158.2795 0014125 205.7698 147.9792 15.93736439 45998
1 44278U 19029AV  20070.23130573 +.00077998 +13525-4 +21575-3 0  9992
2 44278 052.9921 156.6663 0014096 206.8629 153.1669 15.93807320045278
1 44278U 19029AV  20070.25001157  .00151741  19937-4  41179-3 0  9993
2 44278  52.9910 156.5694 0014183 206.3480 261.0663 15.93766953 46041
1 44278U 19029AV  20070.58334491  .00209575  27916-4  56508-3 0  9996
2 44278  52.9904 154.8623 0013819 208.0646  13.0683 15.93781976 46101
1 44278U 19029AV  20070.75001157  .00287054  42833-4  77060-3 0  9994
2 44278  52.9898 154.0076 0013846 208.9753 249.0250 15.93783724 46121
1 44278U 19029AV  20070.91667824  .00017767  11293-4  56169-4 0  9997
2 44278  52.9900 153.1517 0013961 209.3416 125.5264 15.93867401 46155
1 44278U 19029AV  20071.25001157  .00333675  54262-4  89161-3 0  9995
2 44278  52.9900 151.4413 0014055 210.0277 238.6376 15.93836512 46205
1 44278U 19029AV  20073.91667824  .00119911  16576-4  34546-3 0  9997
2 44278  52.9864 137.7867 0009919 238.9156  40.5654 15.92845318 46631
1 44278U 19029AV  20074.25001157  .00002626  11102-4  17721-4 0  9997
2 44278  52.9899 136.0854 0010022 244.3093 147.6277 15.92236474 46687
1 44278U 19029AV  20074.58335648  .00069732  12951-4  21922-3 0  9999
2 44278  52.9905 134.3768 0009945 244.5643 259.1163 15.91558271 46735
1 44278U 19029AV  20074.91667824  .00000642  11061-4  12817-4 0  9990
2 44278  52.9898 132.6706 0009923 240.9832  13.5182 15.90900103 46798
1 44278U 19029AV  20075.91667824  .00396311  70212-4  12461-2 0  9998
2 44278  52.9898 127.5443 0007806 273.6203 311.4097 15.90825697 46959
1 44278U 19029AV  20076.25001157  .00143801  18708-4  45674-3 0  9996
2 44278  52.9896 125.8426 0007718 274.3932  60.8555 15.90913022 47009
1 44278U 19029AV  20076.91667824  .00252108  34585-4  79222-3 0  9996
2 44278  52.9892 122.4379 0007790 277.5452 278.2825 15.90925020 47115
1 44278U 19029AV  20077.44785541  .00045113  11878-4  14986-3 0  9994
2 44278  52.9915 119.7256 0007620 278.5749  81.4413 15.91025223 47198
1 44278U 19029AV  20077.91667824  .00210642  27458-4  66055-3 0  9995
2 44278  52.9892 117.3312 0007761 281.7403 245.1858 15.91016028 47261
1 44278U 19029AV  20078.25001157 -.00031993  11339-4 -87416-4 0  9992
2 44278  52.9894 115.6298 0007668 283.1519 354.1937 15.91119575 47324
1 44278U 19029AV  20078.58334491  .00116360  16112-4  36812-3 0  9995
2 44278  52.9895 113.9285 0007787 286.2302 101.6000 15.91097016 47374
1 44278U 19029AV  20078.91667824  .00457622  90968-4  14207-2 0  9994
2 44278  52.9898 112.2238 0007774 285.9027 212.4437 15.91056307 47422
1 44278U 19029AV  20079.25001157  .00303822  45510-4  94229-3 0  9991
2 44278  52.9895 110.5223 0007643 287.8764 320.9978 15.91139520 47488
1 44278U 19029AV  20079.83335648  .00111496  15716-4  35111-3 0  9994
2 44278  52.9891 107.5417 0007706 289.7007  62.7746 15.91212378 47573
1 44278U 19029AV  20079.91667824  .00378723  65164-4  11708-2 0  9992
2 44278  52.9889 107.1155 0007728 289.5640 180.5293 15.91162603 47582
1 44278U 19029AV  20080.25001157  .00119660  16414-4  37473-3 0  9997
2 44278  52.9891 105.4138 0007615 292.1556 288.5892 15.91281269 47649
1 44278U 19029AV  20080.58334491  .00104209  15146-4  32727-3 0  9994
2 44278  52.9888 103.7117 0007800 294.8279  36.6274 15.91304856 47699
1 44278U 19029AV  20080.66667824 -.00009590  11080-4 -18460-4 0  9993
2 44278  52.9888 103.2853 0007745 294.6028 154.5277 15.91350155 47707
1 44278U 19029AV  20082.25001157  .00236602  31903-4  72391-3 0  9993
2 44278  52.9888  95.1946 0007711 300.6368 224.9665 15.91460708 47953
1 44278U 19029AV  20082.58334491  .00068883  12908-4  21749-3 0  9998
2 44278  52.9882  93.4913 0007755 302.3143 334.2281 15.91521353 48011
1 44278U 19029AV  20082.66667824  .00059064  12442-4  18783-3 0  9994
2 44278  52.9883  93.0648 0007698 302.1478  92.1368 15.91538406 48022
1 44278U 19029AV  20083.91667824  .00227295  30322-4  69077-3 0  9995
2 44278  52.9884  86.6742 0007588 305.8282  54.9246 15.91603521 48221
1 44278U 19029AV  20084.25001157  .00025798  11376-4  87249-4 0  9998
2 44278  52.9885  84.9720 0007671 308.1648 163.7280 15.91696298 48279
1 44278U 19029AV  20084.58334491 -.00009841  11092-4 -18814-4 0  9994
2 44278  52.9890  83.2678 0007760 309.3911 273.6961 15.91750037 48330
1 44278U 19029AV  20084.91667824  .00236117  31887-4  71318-3 0  9997
2 44278  52.9893  81.5617 0007527 309.5896  24.7532 15.91712616 48387
1 44278U 19029AV  20085.16667824  .00315270  48502-4  94731-3 0  9999
2 44278  52.9891  80.2849 0007562 311.3645  16.4286 15.91746114 48429
1 44278U 19029AV  20085.58334491  .00056564  12347-4  17759-3 0  9997
2 44278  52.9886  78.1548 0007677 313.2766 243.6469 15.91834173 48494
1 44278U 19029AV  20085.91667824  .00124494  16901-4  37854-3 0  9999
2 44278  52.9890  76.4486 0007502 313.1069 355.1793 15.91831768 48545
1 44278U 19029AV  20086.16667824 -.00003062  11083-4  13052-5 0  9997
2 44278  52.9893  75.1719 0007609 315.2992 346.5187 15.91901026 48589
1 44278U 19029AV  20086.25001157  .00045377  11920-4  14410-3 0  9999
2 44278  52.9892  74.7463 0007632 315.9389 103.7344 15.91890504 48599
1 44278U 19029AV  20086.83334491  .00153541  19901-4  46259-3 0  9999
2 44278  52.9892  71.7616 0007591 316.4454 208.2637 15.91908228 48688
1 44278U 19029AV  20086.91667824  .00049050  12053-4  15450-3 0  9996
2 44278  52.9894  71.3354 0007500 316.8475 325.7204 15.91945407 48700
1 44278U 19029AV  20087.25001157  .00077503  13400-4  23769-3 0  9998
2 44278  52.9896  69.6330 0007658 319.1811  74.8956 15.91980535 48752
1 44278U 19029AV  20087.58334491  .00037695  11681-4  12055-3 0  9997
2 44278  52.9901  67.9274 0007709 319.9744 185.6410 15.92033389 48806
1 44278U 19029AV  20087.91667824  .00047386  11996-4  14878-3 0  9995
2 44278  52.9904  66.2212 0007515 320.7427 296.4649 15.92052498 48869
1 44278U 19029AV  20088.25001157  .00013531  11190-4  49708-4 0  9996
2 44278  52.9900  64.5185 0007677 323.3567  45.4816 15.92088647 48917
1 44278U 19029AV  20088.58336806  .00014492  11203-4  52397-4 0  9994
2 44278  52.9898  62.8125 0007641 323.8016 156.8256 15.92131886 48967
1 44278U 19029AV  20088.83334491  .00173366  22342-4  51587-3 0  9991
2 44278  52.9898  61.5325 0007495 323.6904 150.5933 15.92100061 49006
1 44278U 19029AV  20088.91667824 +.00049608 +12082-4 +15457-3 0  9996
2 44278 052.9901 061.1064 0007448 324.1187 268.0790 15.92141015001787
1 44278U 19029AV  20089.25001157  .00045812  11946-4  14326-3 0  9990
2 44278  52.9903  59.4035 0007652 326.8609  17.0841 15.92173588 49075
1 44278U 19029AV  20089.58334491 -.00004092  11092-4 -16891-5 0  9996
2 44278  52.9901  57.6973 0007688 327.2468 128.4686 15.92230571 49127
1 44278U 19029AV  20089.91667824  .00205628  26945-4  60636-3 0  9995
2 44278  52.9903  55.9913 0007459 327.6830 239.8556 15.92215564 49181
1 44278U 19029AV  20090.08335648 -.00000979 +11096-4 +73057-5 0  9998
2 44278 052.9903 055.1398 0007640 329.0715 114.4538 15.92280870001852
1 44278U 19029AV  20090.25001157  .00177405  22896-4  52346-3 0  9996
2 44278  52.9905  54.2881 0007652 329.9253 349.4875 15.92251001 49232
1 44278U 19029AV  20090.91667824  .00055890  12341-4  17085-3 0  9996
2 44278  52.9910  50.8750 0007455 331.4827 211.7870 15.92364706 49346
1 44278U 19029AV  20091.00001157 +.00047882 +12027-4 +14765-3 0  9993
2 44278 052.9908 050.4491 0007523 331.9744 329.2907 15.92385268049353
1 44278U 19029AV  20091.91667824  .00192410  25014-4  56127-3 0  9998
2 44278  52.9906  45.7577 0007473 335.2887 184.1174 15.92444291 49493
1 44278U 19029AV  20092.25001157 +.00059056 +12486-4 +17821-3 0  9992
2 44278 052.9906 044.0536 0007690 337.1892 294.4922 15.92548278049551
1 44278U 19029AV  20092.50001157  .00014829  11221-4  52063-4 0  9993
2 44278  52.9902  42.7728 0007657 337.2300 288.6161 15.92612780 49597
1 44278U 19029AV  20093.25001157  .00206370  27156-4  59488-3 0  9991
2 44278  52.9908  38.9348 0007668 339.8878 268.6769 15.92646073 49716
1 44278U 19029AV  20093.41667824  .00155873  20277-4  45052-3 0  9998
2 44278  52.9908  38.0809 0007676 339.9416 144.8041 15.92696252 49731
1 44278U 19029AV  20093.83334491  .00070114  13034-4  20740-3 0  9999
2 44278  52.9912  35.9457 0007446 341.7317  13.5497 15.92762927 49805
1 44278U 19029AV  20093.91667824  .00041346  11819-4  12623-3 0  9992
2 44278  52.9911  35.5195 0007414 341.7177 131.6689 15.92783357 49814
1 44278U 19029AV  20094.25001157  .00090414  14257-4  26422-3 0  9992
2 44278  52.9908  33.8147 0007699 343.5778 242.3157 15.92786095 49878
1 44278U 19029AV  20094.58334491  .00062652  12665-4  18558-3 0  9993
2 44278  52.9908  32.1059 0007430 343.5729 354.8561 15.92845258 49922
1 44278U 19029AV  20094.91667824  .00029934  11506-4  93490-4 0  9997
2 44278  52.9910  30.3990 0007419 345.3239 105.6854 15.92911015 49979
1 44278U 19029AV  20095.16668981  .00062242  12649-4  18371-3 0  9992
2 44278  52.9912  29.1202 0007683 346.8051  98.7602 15.92916212 50018
1 44278U 19029AV  20095.25001157 +.00125253 +17077-4 +36004-3 0  9993
2 44278 052.9912 028.6937 0007687 346.2335 217.4292 15.92902066001798
1 44278U 19029AV  20095.58334491  .00058909  12498-4  17394-3 0  9995
2 44278  52.9912  26.9847 0007454 346.7009 329.6496 15.92969493 50089
1 44278U 19029AV  20095.83334491  .00053607  12274-4  15878-3 0  9990
2 44278  52.9913  25.7041 0007381 347.9046 322.9892 15.93016659 50125
1 44278U 19029AV  20095.91667824 +.00025628 +11415-4 +80928-4 0  9995
2 44278 052.9915 025.2780 0007397 347.9693 081.1044 15.93035025001786
1 44278U 19029AV  20096.25001157  .00107313  15525-4  30784-3 0  9996
2 44278  52.9917  23.5723 0007680 348.7838 193.0914 15.93027236 50194
1 44278U 19029AV  20096.50001157  .00012763  11210-4  45041-4 0  9998
2 44278  52.9922  22.2902 0007543 349.7289 186.7559 15.93102344 50237
1 44278U 19029AV  20096.58334491 +.00077117 +13439-4 +22338-3 0  9998
2 44278 052.9923 021.8628 0007452 349.8447 304.8622 15.93079756001784
1 44278U 19029AV  20096.91667824  .00009887  11181-4  36976-4 0  9999
2 44278  52.9922  20.1559 0007500 351.6177  55.9596 15.93158792 50295
1 44278U 19029AV  20097.25001157  .00097813  14803-4  27980-3 0  9992
2 44278  52.9916  18.4498 0007651 352.1980 168.3053 15.93139329 50343
1 44278U 19029AV  20097.50001157  .00012695  11212-4  44619-4 0  9995
2 44278  52.9919  17.1674 0007478 352.7946 162.4187 15.93202721 50387
1 44278U 19029AV  20097.91667824 -.00000170  11125-4  91832-5 0  9998
2 44278  52.9922  15.0330 0007491 354.8457  31.6182 15.93263656 50456
1 44278U 19029AV  20098.25001157  .00081714  13724-4  23394-3 0  9992
2 44278  52.9920  13.3267 0007679 355.2364 144.2800 15.93252362 50500
1 44278U 19029AV  20098.58334491  .00081280  13699-4  23242-3 0  9999
2 44278  52.9921  11.6168 0007433 355.8745 256.7316 15.93282691 50564
1 44278U 19029AV  20098.91667824  .00017807  11284-4  58232-4 0  9995
2 44278  52.9923   9.9101 0007442 357.1294   8.5835 15.93352215 50612
1 44278U 19029AV  20099.25001157  .00088898  14191-4  25236-3 0  9999
2 44278  52.9925   8.2031 0007645 357.6967 121.1866 15.93350398 50666
1 44278U 19029AV  20099.58334491  .00086231  14017-4  24473-3 0  9993
2 44278  52.9928   6.4929 0007424 358.6821 233.4162 15.93380267 50721
1 44278U 19029AV  20099.91667824  .00001417  11135-4  13399-4 0  9996
2 44278  52.9925   4.7858 0007509   0.2685 345.0761 15.93465779 50774
1 44278U 19029AV  20100.25001157  .00080306  13651-4  22727-3 0  9990
2 44278  52.9916   3.0783 0007645   1.0844  97.5859 15.93485332 50820
1 44278U 19029AV  20100.41667824  .00010546  11198-4  38049-4 0  9995
2 44278  52.9921   2.2229 0007490   1.5314 333.8098 15.93529153 50851
1 44278U 19029AV  20100.58334491 +.00091798 +14400-4 +25810-3 0  9992
2 44278 052.9920 001.3675 0007390 001.8035 210.2438 15.93513134001783
1 44278U 19029AV  20100.66667824  .00089469  14242-4  25156-3 0  9999
2 44278  52.9921   0.9402 0007371   2.6653 327.7265 15.93530760 50893
1 44278U 19029AV  20100.91667824  .00012958  11227-4  44411-4 0  9992
2 44278  52.9921 359.6604 0007488   3.3450 322.1103 15.93599493 50936
1 44278U 19029AV  20101.25001157  .00047197  12051-4  13650-3 0  9990
2 44278  52.9918 357.9523 0007680   4.0471  74.8795 15.93623077 50987
1 44278U 19029AV  20101.58335648  .00097211  14795-4  27100-3 0  9995
2 44278  52.9918 356.2415 0007343   4.8065 187.7066 15.93635911 51045
1 44278U 19029AV  20101.91667824  .00037621  11738-4  11026-3 0  9999
2 44278  52.9920 354.5342 0007464   5.8541 300.1379 15.93706005 51098
1 44278U 19029AV  20102.25001157  .00057410  12466-4  16300-3 0  9995
2 44278  52.9922 352.8255 0007608   6.2993  53.2964 15.93738107 51140
1 44278U 19029AV  20102.58334491  .00091036  14363-4  25279-3 0  9996
2 44278  52.9923 351.1144 0007371   7.8293 165.4298 15.93754269 51195
1 44278U 19029AV  20102.91670139  .00052255  12252-4  14860-3 0  9994
2 44278  52.9922 349.4068 0007520   8.8804 278.1961 15.93816597 51253
1 44278U 19029AV  20103.25001157  .00029303  11522-4  87252-4 0  9993
2 44278  52.9917 347.6977 0007632   9.6253  31.0571 15.93857933 51305
1 44278U 19029AV  20103.58335648  .00094756  14633-4  26109-3 0  9997
2 44278  52.9920 345.9861 0007319  10.5825 143.9780 15.93873411 51359
1 44278U 19029AV  20103.75001157 +.00025553 +11442-4 +76994-4 0  9993
2 44278 052.9924 345.1320 0007392 011.6781 019.7182 15.93932580001825
1 44278U 19029AV  20103.83334491  .00009600  11201-4  34726-4 0  9997
2 44278  52.9923 344.7052 0007485  11.8832 137.9789 15.93944352 51396
1 44278U 19029AV  20104.58334491  .00104756  15399-4  28569-3 0  9997
2 44278  52.9922 340.8573 0007264  13.7629 122.4310 15.94003281 51511
1 44278U 19029AV  20104.91667824  .00032954  11620-4  95882-4 0  9999
2 44278  52.9923 339.1495 0007506  14.4203 235.7686 15.94069889 51577
1 44278U 19029AV  20105.25001157  .00026586  11469-4  78935-4 0  9993
2 44278  52.9927 337.4393 0007539  14.6475 349.5819 15.94119324 51626
1 44278U 19029AV  20105.58334491  .00087560  14153-4  23865-3 0  9992
2 44278  52.9928 335.7277 0007331  16.8212 101.5147 15.94132998 51679
1 44278U 19029AV  20105.75001157  .00016195  11286-4  51509-4 0  9998
2 44278  52.9928 334.8737 0007417  17.1773 338.2163 15.94189616 51701
1 44278U 19029AV  20105.83334491 +.00018217 +11316-4 +56773-4 0  9996
2 44278 052.9926 334.4468 0007510 017.3182 096.6195 15.94193993001883
1 44278U 19029AV  20106.25001157  .00016435  11291-4  51980-4 0  9990
2 44278  52.9925 332.3090 0007521  17.2203 329.4464 15.94244436 51784
1 44278U 19029AV  20106.58334491  .00103216  15297-4  27789-3 0  9999
2 44278  52.9928 330.5970 0007341  19.1197  81.7980 15.94252901 51830
1 44278U 19029AV  20106.91667824  .00035841  11707-4  10214-3 0  9990
2 44278  52.9927 328.8888 0007664  20.0064 195.2069 15.94311150 51896
1 44278U 19029AV  20107.16667824  .00039359  11813-4  11106-3 0  9995
2 44278  52.9924 327.6058 0007666  20.1497 190.8113 15.94345990 51937
1 44278U 19029AV  20107.58334491 +.00104005 +15369-4 +27812-3 0  9994
2 44278 052.9927 325.4658 0007279 022.1619 061.7867 15.94376047001787
1 44278U 19029AV  20107.83336806  .00020568  11362-4  62114-4 0  9999
2 44278  52.9927 324.1845 0007500  22.1980  57.7068 15.94434280 52035
1 44278U 19029AV  20107.91667824  .00042761  11926-4  11934-3 0  9993
2 44278  52.9929 323.7573 0007591  22.3793 176.0124 15.94430157 52053
1 44278U 19029AV  20108.25001157  .00022919  11406-4  67975-4 0  9995
2 44278  52.9929 322.0458 0007494  22.5103 290.3658 15.94489383 52109
1 44278U 19029AV  20108.58334491  .00079899  13686-4  21425-3 0  9991
2 44278  52.9929 320.3339 0007326  24.4090  43.0070 15.94507549 52159
1 44278U 19029AV  20108.75001157  .00006772  11194-4  26384-4 0  9992
2 44278  52.9927 319.4796 0007446  24.3470 280.3537 15.94553548 52184
1 44278U 19029AV  20109.25001157  .00015867  11293-4  49537-4 0  9998
2 44278  52.9928 316.9127 0007482  24.7034 271.9309 15.94607702 52269
1 44278U 19029AV  20109.58334491  .00063532  12791-4  17106-3 0  9996
2 44278  52.9929 315.2005 0007427  26.8721  24.4423 15.94631727 52310
1 44278U 19029AV  20109.91667824  .00056323  12459-4  15239-3 0  9998
2 44278  52.9926 313.4912 0007728  27.1068 138.9448 15.94661639 52364
1 44278U 19029AV  20110.25001157  .00011589  11243-4  38371-4 0  9996
2 44278  52.9922 311.7786 0007506  27.7983 253.0198 15.94724261 52425
1 44278U 19029AV  20110.91667824  .00076336  13487-4  20225-3 0  9999
2 44278  52.9925 308.3568 0007633  28.9144 121.5908 15.94764089 52522
1 44278U 19029AV  20111.25001157  .00029958  11569-4  84512-4 0  9995
2 44278  52.9923 306.6437 0007493  29.8242 235.5790 15.94830339 52582
1 44278U 19029AV  20111.58334491  .00038347  11800-4  10547-3 0  9997
2 44278  52.9923 304.9316 0007415  31.7932 348.5608 15.94868926 52633
1 44278U 19029AV  20111.91667824 +.00079961 +13712-4 +21013-3 0  9994
2 44278 052.9924 303.2216 0007652 031.4348 103.9357 15.94878630052688
1 44278U 19029AV  20112.16667824 -.00004990  11168-4 -36558-5 0  9999
2 44278  52.9925 301.9365 0007596  32.2313  99.4073 15.94949275 52720
1 44278U 19029AV  20112.33334491  .00081138  13790-4  21210-3 0  9996
2 44278  52.9926 301.0791 0007418  32.4355 336.8248 15.94968903 52750
1 44278U 19029AV  20112.91667824  .00093515  14627-4  24188-3 0  9998
2 44278  52.9921 298.0845 0007671  33.2009  87.6503 15.95059196 52847
1 44278U 19029AV  20113.25001157  .00054748  12411-4  14467-3 0  9990
2 44278  52.9920 296.3701 0007462  34.4657 201.6594 15.95137039 52906
1 44278U 19029AV  20113.58335648  .00042599  11949-4  11411-3 0  9993
2 44278  52.9923 294.6573 0007412  35.5492 315.9766 15.95202805 52950
1 44278U 19029AV  20113.91667824  .00119870  16803-4  30516-3 0  9992
2 44278  52.9922 292.9465 0007626  34.8235  72.0538 15.95206023 53005
1 44278U 19029AV  20114.16667824  .00038722  11826-4  10405-3 0  9991
2 44278  52.9920 291.6604 0007522  35.7406  67.7113 15.95285163 53045
1 44278U 19029AV  20114.25001157 +.00066481 +12970-4 +17249-3 0  9999
2 44278 052.9922 291.2317 0007452 035.9271 186.3969 15.95276757001799
1 44278U 19029AV  20114.58334491  .00022964  11433-4  65025-4 0  9992
2 44278  52.9923 289.5190 0007431  37.5883 300.2387 15.95350291 53113
1 44278U 19029AV  20114.91667824  .00122058  17019-4  30844-3 0  9999
2 44278  52.9928 287.8076 0007592  36.5134  56.8818 15.95333871 53161
1 44278U 19029AV  20115.25001157  .00068011  13056-4  17508-3 0  9995
2 44278  52.9931 286.0924 0007467  38.1505 170.8488 15.95400769 53227
1 44278U 19029AV  20115.58334491  .00019082  11367-4  55121-4 0  9992
2 44278  52.9928 284.3794 0007512  39.6387 285.0146 15.95476166 53273
1 44278U 19029AV  20115.91667824  .00107642  15752-4  27122-3 0  9999
2 44278  52.9923 282.6677 0007683  38.8829  41.4780 15.95455582 53323
1 44278U 19029AV  20116.25002315  .00080442  13778-4  20429-3 0  9992
2 44278  52.9925 280.9519 0007469  40.3813 155.7986 15.95510066 53386
1 44278U 19029AV  20116.58334491  .00033066  11673-4  88658-4 0  9992
2 44278  52.9927 279.2389 0007562  41.4344 270.4715 15.95587939 53433
1 44278U 19029AV  20116.91667824  .00109672  15934-4  27418-3 0  9995
2 44278  52.9925 277.5268 0007754  40.7476  27.0318 15.95588046 53489
1 44278U 19029AV  20117.25001157  .00087917  14274-4  22095-3 0  9993
2 44278  52.9925 275.8110 0007515  42.5667 141.1214 15.95636277 53543
1 44278U 19029AV  20117.58334491  .00036404  11771-4  96105-4 0  9997
2 44278  52.9927 274.0980 0007566  43.4196 256.2090 15.95710161 53594
1 44278U 19029AV  20117.83335648  .00083240  13968-4  20882-3 0  9998
2 44278  52.9929 272.8139 0007743  43.1052 253.6040 15.95705991 53639
1 44278U 19029AV  20118.08334491  .00013232  11292-4  40201-4 0  9991
2 44278  52.9929 271.5273 0007639  43.7399 249.9220 15.95777901 53670
1 44278U 19029AV  20118.58334491 -.00005665  11193-4 -50686-5 0  9998
2 44278  52.9924 268.9562 0007632  45.1493 242.6939 15.95866529 53751
1 44278U 19029AV  20118.91667824  .00096394  14897-4  23818-3 0  9990
2 44278  52.9921 267.2428 0007769  44.3743 359.6757 15.95882069 53801
1 44278U 19029AV  20119.25001157  .00125510  17410-4  30696-3 0  9998
2 44278  52.9924 265.5261 0007562  46.0414 114.2754 15.95922471 53854
1 44278U 19029AV  20119.58334491  .00035688  11761-4  92794-4 0  9991
2 44278  52.9922 263.8127 0007754  46.8413 229.7869 15.96020039 53910
1 44278U 19029AV  20119.91668981  .00083656  14016-4  20592-3 0  9992
2 44278  52.9917 262.0987 0007872  46.1982 346.8873 15.96048775 53962
1 44278U 19029AV  20120.25001157  .00114459  16394-4  27825-3 0  9990
2 44278  52.9917 260.3818 0007589  48.7355 100.7393 15.96080960 54016
1 44278U 19029AV  20120.58334491  .00048178  12186-4  12138-3 0  9996
2 44278  52.9918 258.6683 0007741  48.6132 217.3518 15.96164460 54077
1 44278U 19029AV  20120.91667824  .00066507  13017-4  16405-3 0  9993
2 44278  52.9915 256.9537 0007826  48.2778 334.2512 15.96201837 54128
1 44278U 19029AV  20121.16667824  .00101704  15332-4  24626-3 0  9996
2 44278  52.9918 255.6657 0007625  50.4641 329.5355 15.96221810 54160
1 44278U 19029AV  20121.41667824  .00057800  12595-4  14300-3 0  9997
2 44278  52.9916 254.3793 0007659  51.7531 325.7287 15.96288494 54202
1 44278U 19029AV  20121.91668981  .00089715  14444-4  21687-3 0  9998
2 44278  52.9913 251.8079 0007802  49.5871 323.0061 15.96331317 54282
1 44278U 19029AV  20122.25001157  .00111692  16175-4  26775-3 0  9998
2 44278  52.9915 250.0898 0007665  51.9152  77.3921 15.96349303 54334
1 44278U 19029AV  20122.58335648  .00043143  12012-4  10801-3 0  9993
2 44278  52.9912 248.3757 0007860  51.6262 194.5640 15.96423885 54395
1 44278U 19029AV  20122.91667824  .00036374  11796-4  92097-4 0  9998
2 44278  52.9906 246.6601 0007881  51.6254 311.3749 15.96474037 54441
1 44278U 19029AV  20123.25001157  .00113390  16336-4  26966-3 0  9997
2 44278  52.9908 244.9421 0007678  54.0914  65.8553 15.96486248 54494
1 44278U 19029AV  20123.58334491  .00044859  12078-4  11113-3 0  9993
2 44278  52.9909 243.2279 0007889  53.5904 183.3407 15.96562717 54552
1 44278U 19029AV  20123.91667824  .00047227  12167-4  11626-3 0  9999
2 44278  52.9907 241.5115 0007859  53.2191 300.7523 15.96611356 54606
1 44278U 19029AV  20124.25001157  .00107874  15871-4  25497-3 0  9999
2 44278  52.9908 239.7935 0007704  56.0244  55.0554 15.96625923 54659
1 44278U 19029AV  20124.58334491  .00043472  12034-4  10717-3 0  9995
2 44278  52.9909 238.0791 0007853  55.2234 173.0043 15.96694649 54719
1 44278U 19029AV  20124.91667824  .00036292  11803-4  90561-4 0  9992
2 44278  52.9914 236.3622 0007831  55.2200 290.2027 15.96744016 54761
1 44278U 19029AV  20125.25001157  .00098105  15092-4  23092-3 0  9990
2 44278  52.9916 234.6438 0007765  57.7532  44.9309 15.96757886 54812
1 44278U 19029AV  20125.58334491  .00046237  12138-4  11270-3 0  9998
2 44278  52.9912 232.9292 0007946  57.0009 162.9871 15.96817505 54876
1 44278U 19029AV  20125.91668981  .00033531  11728-4  83707-4 0  9991
2 44278  52.9910 231.2117 0007871  57.5119 279.8870 15.96868771 54920
1 44278U 19029AV  20126.25001157  .00096057  14945-4  22469-3 0  9998
2 44278  52.9913 229.4931 0007825  59.7643  34.9778 15.96883957 54976
1 44278U 19029AV  20126.58334491  .00046017  12135-4  11144-3 0  9992
2 44278  52.9912 227.7783 0008049  58.9412 153.2560 15.96940037 55030
1 44278U 19029AV  20126.91668981  .00016376  11369-4  44660-4 0  9996
2 44278  52.9909 226.0604 0007934  59.6726 270.0868 15.96997662 55088
1 44278U 19029AV  20127.25001157  .00096468  14986-4  22396-3 0  9999
2 44278  52.9911 224.3420 0007852  62.3418  24.9148 15.97017288 55137
1 44278U 19029AV  20127.58334491  .00083457  14067-4  19419-3 0  9991
2 44278  52.9911 222.6268 0008002  60.9072 143.9745 15.97073760 55194
1 44278U 19029AV  20127.91667824  .00016804  11379-4  45244-4 0  9998
2 44278  52.9911 220.9086 0007897  61.7915 260.7605 15.97148758 55248
1 44278U 19029AV  20128.16667824  .00115267  16566-4  26425-3 0  9991
2 44278  52.9909 219.6192 0007844  63.7334 257.1287 15.97140959 55282
1 44278U 19029AV  20128.58334491 +.00068938 +13199-4 +16054-3 0  9996
2 44278 052.9907 217.4745 0007993 062.7014 135.3849 15.97213435001786
1 44278U 19029AV  20128.83335648  .00032451  11712-4  79496-4 0  9999
2 44278  52.9905 216.1855 0007907  63.1764 133.3449 15.97268413 55390
1 44278U 19029AV  20128.91667824  .00022673  11485-4  57873-4 0  9999
2 44278  52.9908 215.7554 0007878  63.8140 252.1046 15.97278999 55401
1 44278U 19029AV  20129.25001157  .00075263  13566-4  17368-3 0  9997
2 44278  52.9907 214.0365 0007940  65.7694   8.0412 15.97304400 55454
1 44278U 19029AV  20129.58334491  .00069559  13239-4  16079-3 0  9999
2 44278  52.9901 212.3205 0008091  64.7809 126.9835 15.97337870 55510
1 44278U 19029AV  20129.91667824  .00022260  11481-4  56561-4 0  9991
2 44278  52.9897 210.6011 0007947  66.7147 243.0375 15.97405693 55560
1 44278U 19029AV  20130.25001157  .00064055  12951-4  14787-3 0  9995
2 44278  52.9897 208.8820 0007936  68.8824 358.9178 15.97439543 55614
1 44278U 19029AV  20130.41667824  .00022878  11495-4  57692-4 0  9994
2 44278  52.9895 208.0240 0007991  68.1123 238.7340 15.97475084 55645
1 44278U 19029AV  20130.55107766 +.00061907 +12845-4 +14291-3 0  9996
2 44278 052.9883 207.3305 0007729 068.3120 291.8730 15.97475636054896
1 44278U 19029AV  20130.91668981  .00024995  11540-4  62207-4 0  9995
2 44278  52.9891 205.4459 0007878  68.5091 235.5308 15.97507347 55722
1 44278U 19029AV  20131.25001157  .00060042  12757-4  13834-3 0  9994
2 44278  52.9890 203.7272 0007888  70.4186 351.7176 15.97537942 55776
1 44278U 19029AV  20131.58334491  .00091416  14649-4  20649-3 0  9993
2 44278  52.9892 202.0104 0007940  68.9366 111.4235 15.97546240 55830
1 44278U 19029AV  20131.91667824  .00034116  11769-4  81624-4 0  9994
2 44278  52.9895 200.2900 0007864  70.9842 227.6203 15.97608463 55880
1 44278U 19029AV  20132.25001157  .00041188  11990-4  96735-4 0  9995
2 44278  52.9891 198.5710 0007897  72.4342 344.4569 15.97647666 55939
1 44278U 19029AV  20132.58334491  .00080669  13921-4  18204-3 0  9998
2 44278  52.9887 196.8538 0007965  71.3341 103.9151 15.97652358 55980
1 44278U 19029AV  20132.91667824  .00036791  11851-4  86910-4 0  9991
2 44278  52.9886 195.1328 0007854  73.6099 220.0174 15.97714009 56046
1 44278U 19029AV  20133.25001157  .00031529  11704-4  75361-4 0  9999
2 44278  52.9886 193.4136 0007940  74.7776 337.2677 15.97763866 56093
1 44278U 19029AV  20133.58334491  .00094150  14866-4  20993-3 0  9996
2 44278  52.9885 191.6963 0008008  73.5717  96.9632 15.97758372 56140
1 44278U 19029AV  20133.91667824  .00051326  12378-4  11757-3 0  9994
2 44278  52.9883 189.9750 0007899  76.3217 212.7194 15.97812509 56206
1 44278U 19029AV  20134.25001157  .00021119  11473-4  52685-4 0  9991
2 44278  52.9884 188.2559 0007907  77.6423 329.9433 15.97871773 56259
1 44278U 19029AV  20134.58334491  .00100992  15406-4  22335-3 0  9992
2 44278  52.9885 186.5381 0007910  76.4988  89.7056 15.97862486 56300
1 44278U 19029AV  20134.91667824  .00067609  13162-4  15158-3 0  9997
2 44278  52.9885 184.8167 0007833  78.9383 205.9037 15.97916572 56366
1 44278U 19029AV  20135.25001157  .03338664  17095-1  86692-2 0  9997
2 44278  52.9893 183.1195 0005667  80.5796 323.6754 15.98640706 56412
1 44278U 19029AV  20135.41668981  .04688813  38382-1  12694-1 0  9996
2 44278  52.9859 182.2642 0003814  22.6211 261.7406 15.98633552 56442
1 44278U 19029AV  20135.91667824 +.04630405 +38087-1 +11858-1 0  9993
2 44278 052.9867 179.6730 0003943 324.4903 321.0391 15.99638397001797
1 44278U 19029AV  20136.50001157  .04568735  38638-1  11038-1 0  9998
2 44278  52.9843 176.6537 0002761 259.5476 149.6936 16.00805279 56611
1 44278U 19029AV  20136.58334491  .04461583  30733-1  10005-1 0  9990
2 44278  52.9870 176.2232 0006831 264.7877 265.1749 16.01057473 56627
1 44278U 19029AV  20136.91668981  .04520832  38537-1  10408-1 0  9991
2 44278  52.9859 174.4906 0006601 303.6308 349.8359 16.01637196 56688
1 44278U 19029AV  20137.25001157  .04484766  39025-1  99976-2 0  9991
2 44278  52.9857 172.7629 0004672 248.9357 168.6839 16.02315638 56731
1 44278U 19029AV  20137.58334491 +.04438264 +37808-1 +94144-2 0  9998
2 44278 052.9877 171.0268 0007223 259.7068 282.9399 16.03009129056780
1 44278U 19029AV  20137.83334491  .04405624  37218-1  90419-2 0  9996
2 44278  52.9872 169.7216 0007220 259.6852 287.2617 16.03517233 56825
1 44278U 19029AV  20137.91667824 +.04359927 +33364-1 +86095-2 0  9991
2 44278 052.9874 169.2866 0004514 293.3708 015.1082 16.03711941001849
1 44278U 19029AV  20138.16668981 +.04368755 +37414-1 +86667-2 0  9998
2 44278 052.9895 167.9863 0004439 296.9669 016.4809 16.04184615056883
1 44278U 19029AV  20138.58334491  .04321791  37858-1  81682-2 0  9993
2 44278  52.9863 165.8169 0008142 252.4649 310.0928 16.05042013 56953
1 44278U 19029AV  20138.91667824 +.04291663 +44215-1 +82753-2 0  9998
2 44278 052.9848 164.0706 0003880 259.2130 071.6027 16.05650643057009
1 44278U 19029AV  20139.08334491  .04269763  44395-1  80585-2 0  9994
2 44278  52.9873 163.2014 0007929 256.5147 318.7221 16.05995240 57035
1 44278U 19029AV  20140.25001157  .03499763  25975-1  53443-2 0  9995
2 44278  52.9861 157.0803 0008343 249.2293 243.0417 16.08411233 57216
1 44278U 19029AV  20140.58334491  .02554144  77369-2  30977-2 0  9997
2 44278  52.9872 155.3350 0008903 280.9566 343.8405 16.09332042 57276
1 44278U 19029AV  20140.91667824  .04012130  45389-1  60757-2 0  9994
2 44278  52.9858 153.5989 0002700 257.7516 140.2485 16.09982683 57329
1 44278U 19029AV  20141.03424114  .01167743  86771-3  11536-2 0  9992
2 44278  52.9890 152.9533 0006535 254.9171 105.3458 16.10829595 57347
1 44278U 19029AV  20141.25001157  .03381273  27677-1  45449-2 0  9990
2 44278  52.9848 151.8362 0007032 255.0311 277.2157 16.10862547 57371
1 44278U 19029AV  20141.42490301  .01078970  73209-3  10149-2 0  9990
2 44278  52.9835 150.9278 0004126 238.5803 228.9520 16.11560639 57405
1 44278U 19029AV  20141.58334491  .04609374  44037-1  56706-2 0  9999
2 44278  52.9845 150.0916 0004677 294.1288  13.2230 16.11414600 57434
1 44278U 19029AV  20141.90231594 +.01179406 +92563-3 +10272-2 0  9997
2 44278 052.9832 148.4063 0005855 261.4657 098.5785 16.12720399057482
1 44278U 19029AV  20142.27396749  .00920369  52910-3  75671-3 0  9990
2 44278  52.9854 146.4293 0007567 262.1794  97.4118 16.13433953 57544
1 44278U 19029AV  20142.39791549  .01275659  11510-2  10261-2 0  9999
2 44278  52.9672 145.7843 0005834 272.7968  87.3287 16.13926637 57563
1 44278U 19029AV  20142.58367475 +.01184207 +96692-3 +92766-3 0  9991
2 44278 052.9841 144.7861 0008249 272.6955 087.3219 16.14216066057595
1 44278U 19029AV  20142.58367566  .00854237  45377-3  67052-3 0  9992
2 44278  52.9857 144.7903 0008155 271.1556  88.8544 16.14070124 57585
1 44278U 19029AV  20142.83131191  .01200672  10127-2  90633-3 0  9997
2 44278  52.9838 143.4820 0007547 266.0187  94.1473 16.14767389 57638
1 44278U 19029AV  20142.89317404 +.01199007 +10123-2 +89719-3 0  9994
2 44278 052.9857 143.1510 0007441 261.7983 098.1891 16.14892891057647
1 44278U 19029AV  20143.20254514  .01040809  73318-3  74246-3 0  9992
2 44278  52.9828 141.5112 0006981 268.3529  91.6108 16.15503954 57696
1 44278U 19029AV  20143.26441527 +.01229875 +10992-2 +86565-3 0  9997
2 44278 052.9844 141.1809 0008813 281.9748 078.0576 16.15741420057705
1 44278U 19029AV  20143.32626084  .01222752  10867-2  85346-3 0  9991
2 44278  52.9844 140.8533 0008757 282.1339  77.8456 16.15855839 57716
1 44278U 19029AV  20143.44995191  .01254800  11674-2  85902-3 0  9996
2 44278  52.9834 140.2111 0007404 275.0567  84.9625 16.16172917 57732
1 44278U 19029AV  20143.44995371  .01253195  11637-2  85792-3 0  9998
2 44278  52.9834 140.2111 0007404 275.0566  84.9729 16.16171915 57733
1 44278U 19029AV  20143.51178559  .01246819  11532-2  84458-3 0  9994
2 44278  52.9834 139.8833 0007354 275.2469  84.7631 16.16316189 57741
1 44278U 19029AV  20144.01274486  .01875210  36372-2  12205-2 0  9998
2 44278  52.9862 137.2239 0007556 263.7445 133.5999 16.17478097 57821
1 44278U 19029AV  20144.28712963  .01017092  73804-3  59902-3 0  9998
2 44278  52.9889 135.7623 0006945 261.9911 294.3938 16.18119544 57862
1 44278U 19029AV  20144.37696156  .00862255  11768-4  49650-3 0  9992
2 44278  52.9851 135.2895 0007086 264.6575  95.3653 16.18229868 57886
1 44278U 19029AV  20144.56219689 +.01014996 +11782-4 +56273-3 0  9992
2 44278 052.9850 134.3047 0006936 264.6301 095.3944 16.18724303057140
1 44278U 19029AV  20144.80908581  .01693475  11807-4  87049-3 0  9993
2 44278  52.9840 132.9922 0006864 261.8953  98.2327 16.19692473 57945
1 44278U 19029AV  20144.88581476 +.01744887 +11814-4 +87787-3 0  9992
2 44278 052.9840 132.5833 0006783 262.1702 185.6580 16.19969923057969
1 44278U 19029AV  20145.13348477  .04551276  11867-4  19234-2 0  9993
2 44278  52.9817 131.2570 0005695 252.7108 201.3817 16.22170921 58004
1 44278U 19029AV  20145.27401620  .03136202  11899-4  12082-2 0  9994
2 44278  52.9853 130.5103 0006972 257.3693 298.2179 16.23282815 58022
1 44278U 19029AV  20145.38950834  .00253739  11904-4  10000-3 0  9990
2 44278  52.9881 129.8704 0004821 268.0517 242.7969 16.23209858 58045
1 44278U 19029AV  20145.56678448  .01132467  11912-4  42503-3 0  9995
2 44278  52.9823 128.9430 0006519 256.3325 211.1983 16.23632207 58077
1 44278U 19029AV  20145.67042824  .00536971  11910-4  20434-3 0  9994
2 44278  52.9823 128.3876 0006444 256.7060  96.8812 16.23511250 58086
1 44278U 19029AV  20145.73268519  .00594335  11913-4  22415-3 0  9994
2 44278  52.9823 128.0541 0006423 256.9304 100.7743 16.23611418 58098
1 44278U 19029AV  20145.80698696  .00593952  11916-4  22214-3 0  9999
2 44278  52.9840 127.6357 0006411 260.6521 171.6511 16.23712393 58114
1 44278U 19029AV  20145.85617164 +.01295551 +11924-4 +46798-3 0  9992
2 44278 052.9817 127.3932 0006760 257.6634 102.3648 16.24079854057358
1 44278U 19029AV  20145.97923042  .00611267  11922-4  22437-3 0  9997
2 44278  52.9807 126.7291 0006406 261.7877  98.0278 16.23934328 58132
1 44278U 19029AV  20146.25928241 +.00653402 +11933-4 +23182-3 0  9992
2 44278 052.9807 125.2276 0006295 262.7978 295.4941 16.24336631058187
1 44278U 19029AV  20146.65597460  .00848588  11952-4  28241-3 0  9994
2 44278  52.9864 123.1040 0006406 257.6906 102.3436 16.25071129 58256
1 44278U 19029AV  20147.08636204  .00761349  11970-4  23926-3 0  9996
2 44278  52.9864 120.7924 0006169 259.2443 100.7583 16.25746817 58326
1 44278U 19029AV  20147.24439815  .00715921  11977-4  21909-3 0  9994
2 44278  52.9858 119.9433 0006964 256.7522 308.8622 16.26038280 58343
1 44278U 19029AV  20147.63945854  .00823381  11996-4  23724-3 0  9990
2 44278  52.9802 117.8255 0006822 259.9651 100.1578 16.26718381 58410
1 44278U 19029AV  20147.70087579  .00832060  11999-4  23747-3 0  9991
2 44278  52.9841 117.4902 0006827 259.7375 100.2948 16.26824960 58428
1 44278U 19029AV  20147.76230446  .00859858  12002-4  24262-3 0  9993
2 44278  52.9841 117.1596 0006790 259.9599 100.0856 16.26952508 58430
1 44278U 19029AV  20147.82372631  .00959254  12007-4  26688-3 0  9993
2 44278  52.9810 116.8306 0006859 261.2347  98.7916 16.27103748 58440
1 44278U 19029AV  20147.88514484 +.00913142 +12008-4 +25187-3 0  9993
2 44278 052.9819 116.5006 0007232 259.4274 100.5952 16.27193735057689
1 44278U 19029AV  20147.88514583  .00835385  12007-4  23194-3 0  9990
2 44278  52.9841 116.4982 0006715 260.4047  99.6000 16.27136644 58455
1 44278U 19029AV  20148.00797053  .09176323  12023-4  23289-2 0  9991
2 44278  52.9774 115.8337 0006194 259.8574 100.2070 16.28096951 58469
1 44278U 19029AV  20148.14975666  .10395517  12114-4  19290-2 0  9992
2 44278  52.9794 115.0687 0006005 260.9225 211.6771 16.31410821 58496
1 44278U 19029AV  20148.19185044  .13047453  12174-4  20557-2 0  9990
2 44278  52.9787 114.8377 0005481 269.5387  90.6154 16.33056589 58503
1 44278U 19029AV  20148.37496501  .35214307  12466-4  12490-2 0  9992
2 44278  52.9725 113.8189 0005497 260.1827 100.3413 16.44125369 58533
