1 44246U 19029M   20001.25001157  .00302521  50207-4  49400-3 0  9996
2 44246  52.9927 165.0043 0041256 102.9758 279.1056 16.01048250 34616
1 44246U 19029M   20001.58334491  .00438291  94985-4  70351-3 0  9996
2 44246  52.9921 163.2822 0043083 102.5932  42.0348 16.01128140 34679
1 44246U 19029M   20001.91667824  .01348722  10315-2  20326-2 0  9991
2 44246  52.9924 161.5458 0042843 103.9461 164.3501 16.02320504 34727
1 44246U 19029M   20002.25001157  .00693401  23997-3  96919-3 0  9999
2 44246  52.9931 159.8137 0044915 104.1151 288.6346 16.03175449 34780
1 44246U 19029M   20002.41668981  .01312194  98769-3  18057-2 0  9994
2 44246  52.9927 158.9499 0045830 103.6218 171.7765 16.03486478 34808
1 44246U 19029M   20002.83334491  .01648698  17655-2  21263-2 0  9994
2 44246  52.9919 156.7797 0048831 104.6013  58.1912 16.04384680 34876
1 44246U 19029M   20002.91668981  .01366412  11125-2  17055-2 0  9998
2 44246  52.9923 156.3447 0049900 104.4701 180.0518 16.04625917 34888
1 44246U 19029M   20003.25001157  .00639511  21070-3  73027-3 0  9997
2 44246  52.9928 154.6068 0052551 104.3128 307.3727 16.05508651 34940
1 44246U 19029M   20003.58334491  .00826577  36566-3  87875-3 0  9995
2 44246  52.9927 152.8712 0055087 104.1227  75.7230 16.06298405 34994
1 44246U 19029M   20003.91667824  .00896165  11509-4  88651-3 0  9995
2 44246  52.9922 151.1263 0056886 105.2361 203.7163 16.07036204 35044
1 44246U 19029M   20004.25001157  .00420681  11515-4  42590-3 0  9999
2 44246  52.9927 149.3591 0052848 107.3427 331.2864 16.07232151 35103
1 44246U 19029M   20006.25001157  .00168775  11611-4  13782-3 0  9992
2 44246  52.9917 138.8735 0048637 109.4909  41.4611 16.10899511 35422
1 44246U 19029M   20006.58334491  .01067203  11613-4  83373-3 0  9998
2 44246  52.9909 137.1200 0047238 109.2013 177.3575 16.11408804 35477
1 44246U 19029M   20006.91668981  .00361689  11604-4  29140-3 0  9995
2 44246  52.9910 135.3706 0051277 108.3221 311.2026 16.10633718 35539
1 44246U 19029M   20007.25001157  .00190651  11610-4  15306-3 0  9994
2 44246  52.9911 133.6164 0051012 109.6303  83.8979 16.10834274 35585
1 44246U 19029M   20007.58334491  .00199833  11613-4  15960-3 0  9990
2 44246  52.9907 131.8654 0050519 109.5089 218.4513 16.10948928 35633
1 44246U 19029M   20007.91667824  .00468198  11548-4  42257-3 0  9995
2 44246  52.9927 130.1445 0056701 107.4833 350.9906 16.08403133 35693
1 44246U 19029M   20008.25002315  .00139850  11578-4  11703-3 0  9996
2 44246  52.9905 128.3927 0059868 107.0264 127.6567 16.09299551 35740
1 44246U 19029M   20008.58334491  .00490310  11550-4  42545-3 0  9994
2 44246  52.9908 126.6516 0061053 107.5116 259.2387 16.08404799 35796
1 44246U 19029M   20008.91667824 +.00884459 +11526-4 +78756-3 0  9997
2 44246 052.9920 124.8977 0064162 107.7285 030.2062 16.07603931035856
1 44246U 19029M   20009.25001157  .01090055  11504-4  99383-3 0  9993
2 44246  52.9903 123.1559 0067772 107.2561 160.9408 16.06788688 35900
1 44246U 19029M   20009.33335648  .00463717  11509-4  42986-3 0  9997
2 44246  52.9926 122.7228 0067494 107.4122 283.2642 16.06659517 35917
1 44246U 19029M   20009.58334491  .00404147  11496-4  38274-3 0  9991
2 44246  52.9902 121.4190 0069673 107.4476 290.0666 16.06084408 35955
1 44246U 19029M   20010.25001157  .00889108  11451-4  88471-3 0  9996
2 44246  52.9901 117.9364 0075809 107.6527 185.7234 16.04473224 36064
1 44246U 19029M   20010.58334491  .00207194  11443-4  21990-3 0  9995
2 44246  52.9903 116.2041 0075438 107.9215 311.9769 16.03811059 36129
1 44246U 19029M   20010.91667824  .00495630  11426-4  53712-3 0  9993
2 44246  52.9914 114.4617 0075822 108.9503  76.5375 16.03320593 36178
1 44246U 19029M   20011.25001157  .00894116  11415-4  97578-3 0  9990
2 44246  52.9891 112.7314 0075901 109.6212 201.1080 16.03164170 36222
1 44246U 19029M   20011.58334491  .00909438  11413-4  99552-3 0  9992
2 44246  52.9898 111.0013 0075862 110.7976 325.0925 16.03125610 36289
1 44246U 19029M   20011.91668981  .00675656  11415-4  73934-3 0  9993
2 44246  52.9926 109.2618 0076057 111.9364  89.1193 16.03122749 36333
1 44246U 19029M   20012.25001157  .00316264  11421-4  34914-3 0  9996
2 44246  52.9892 107.5319 0075859 112.5216 213.5036 16.03110925 36383
1 44246U 19029M   20012.58334491  .00846564  11407-4  93495-3 0  9996
2 44246  52.9895 105.8024 0076035 113.7056 337.3028 16.02979248 36445
1 44246U 19029M   20012.91668981  .00609263  11410-4  67312-3 0  9993
2 44246  52.9919 104.0626 0076241 114.9532 101.0348 16.02968526 36495
1 44246U 19029M   20013.25001157  .00044666  11422-4  53044-4 0  9998
2 44246  52.9907 102.3339 0075940 115.2723 225.4902 16.03005754 36544
1 44246U 19029M   20013.58334491  .00436615  11411-4  48671-3 0  9990
2 44246  52.9879 100.6032 0076161 116.5018 349.0565 16.02885516 36606
1 44246U 19029M   20013.91667824  .00509161  11406-4  56783-3 0  9990
2 44246  52.9904  98.8646 0076450 117.9565 112.3316 16.02821805 36658
1 44246U 19029M   20014.25001157  .00317578  11411-4  35521-3 0  9991
2 44246  52.9893  97.1055 0075954 120.6920 234.3342 16.02910464 36705
1 44246U 19029M   20014.58334491  .00327870  57660-4  41526-3 0  9991
2 44246  52.9876  95.4082 0071265 119.7597 359.0204 16.01749663 36765
1 44246U 19029M   20014.91667824  .00893865  40101-3  11639-2 0  9991
2 44246  52.9895  93.6723 0068804 122.4979 119.6350 16.01636791 36813
1 44246U 19029M   20015.25001157  .00793773  31138-3  10373-2 0  9991
2 44246  52.9887  91.9469 0067569 123.2511 242.2587 16.01726984 36864
1 44246U 19029M   20015.56113328 +.00065991 +13317-4 +85994-4 0  9996
2 44246 052.9904 090.3024 0070974 127.1175 233.6368 16.01981266036921
1 44246U 19029M   20015.58334491  .00208687  29896-4  27168-3 0  9992
2 44246  52.9867  90.2165 0067674 124.9806   3.9642 16.01892003 36926
1 44246U 19029M   20015.91667824  .00687380  23101-3  88710-3 0  9991
2 44246  52.9894  88.4822 0068033 126.4953 125.9739 16.01846888 36972
1 44246U 19029M   20016.25001157  .00700841  24061-3  90309-3 0  9991
2 44246  52.9881  86.7570 0067812 126.7505 249.2869 16.01898794 37023
1 44246U 19029M   20016.50001157 -.00016039  11448-4 -15727-4 0  9998
2 44246  52.9860  85.4582 0067766 128.5181 250.2284 16.02055157 37063
1 44246U 19029M   20016.58335648 +.00186643 +26214-4 +24013-3 0  9992
2 44246 052.9869 085.0250 0068004 128.4985 011.2280 16.02055432001829
1 44246U 19029M   20016.75001157  .00036584  12028-4  50514-4 0  9998
2 44246  52.9911  84.1594 0068035 130.0020 251.4944 16.02109629 37104
1 44246U 19029M   20016.91667824  .00510617  12808-3  65037-3 0  9999
2 44246  52.9896  83.2916 0068358 130.0068 133.3655 16.02004157 37134
1 44246U 19029M   20017.25001157  .00801758  31893-3  10301-2 0  9995
2 44246  52.9886  81.5660 0068172 130.4531 256.6162 16.01905735 37181
1 44246U 19029M   20017.58334491  .00142684  20056-4  18504-3 0  9991
2 44246  52.9865  79.8338 0068292 132.1237  18.5653 16.01984915 37249
1 44246U 19029M   20017.91667824  .00395017  79465-4  50650-3 0  9993
2 44246  52.9887  78.1005 0068776 133.6482 140.6247 16.01869595 37298
1 44246U 19029M   20018.25002315  .00912727  42024-3  11839-2 0  9997
2 44246  52.9892  76.3758 0068539 133.8334 264.0205 16.01731812 37345
1 44246U 19029M   20018.58334491 +.00323322 +56372-4 +41797-3 0  9992
2 44246 052.9869 074.6430 0068562 134.9982 026.2237 16.01799424037407
1 44246U 19029M   20018.91667824  .00387548  76671-4  50069-3 0  9994
2 44246  52.9882  72.9115 0069113 136.2103 148.4054 16.01715117 37452
1 44246U 19029M   20019.25001157  .00902347  40892-3  11791-2 0  9996
2 44246  52.9904  71.1880 0068838 136.4583 271.4841 16.01580690 37518
1 44246U 19029M   20019.58334491  .00466914  10751-3  60767-3 0  9996
2 44246  52.9877  69.4541 0068864 137.6548  33.5390 16.01621267 37561
1 44246U 19029M   20019.91667824  .00411707  85271-4  53456-3 0  9999
2 44246  52.9886  67.7233 0069404 138.6981 155.7107 16.01596833 37612
1 44246U 19029M   20020.25001157  .00958665  46624-3  12551-2 0  9996
2 44246  52.9908  66.0002 0069206 139.1236 278.4917 16.01514423 37675
1 44246U 19029M   20020.58334491  .00704088  24173-3  91609-3 0  9997
2 44246  52.9887  64.2657 0069211 140.1879  40.6251 16.01573989 37726
1 44246U 19029M   20020.91667824  .00267397  41818-4  34701-3 0  9996
2 44246  52.9893  62.5350 0069714 141.6188 162.3985 16.01623645 37777
1 44246U 19029M   20021.25001157  .00949758  45680-3  12390-2 0  9992
2 44246  52.9907  60.8125 0069582 142.1357 285.0904 16.01517641 37830
1 44246U 19029M   20021.58334491  .00758409  28212-3  98447-3 0  9999
2 44246  52.9888  59.0765 0069608 143.5221  46.9040 16.01561578 37880
1 44246U 19029M   20021.91667824  .00096728  15388-4  12781-3 0  9992
2 44246  52.9889  57.3470 0069970 144.1711 169.4523 16.01660467 37938
1 44246U 19029M   20022.25001157  .00426793  91068-4  55555-3 0  9995
2 44246  52.9897  55.5927 0068715 146.7455 290.2788 16.01644696 37991
1 44246U 19029M   20022.58334491  .00049015  12461-4  67704-4 0  9999
2 44246  52.9895  53.8645 0068319 147.6349  52.6158 16.01722309 38045
1 44246U 19029M   20023.25001157  .00616615  18448-3  79516-3 0  9993
2 44246  52.9912  50.4373 0070158 147.4191 299.0222 16.01581400 38159
1 44246U 19029M   20023.50001157  .00501440  12301-3  64538-3 0  9990
2 44246  52.9896  49.1338 0070249 148.8958 299.9469 16.01603719 38197
1 44246U 19029M   20023.58334491  .00748600  27452-3  96617-3 0  9995
2 44246  52.9898  48.7008 0070279 148.8784  60.7711 16.01559144 38206
1 44246U 19029M   20023.91667824  .00178734  24880-4  23142-3 0  9992
2 44246  52.9888  46.9714 0070533 149.5532 183.2943 16.01644401 38255
1 44246U 19029M   20024.25001157  .00183097  25552-4  23704-3 0  9990
2 44246  52.9900  45.2482 0070380 149.9220 306.1219 16.01659530 38310
1 44246U 19029M   20024.58334491  .00717444  25128-3  92234-3 0  9997
2 44246  52.9907  43.5118 0070649 151.4969  67.7631 16.01566666 38360
1 44246U 19029M   20024.91667824  .00073053  13697-4  96994-4 0  9991
2 44246  52.9894  41.7828 0070706 151.9396 190.5168 16.01663466 38418
1 44246U 19029M   20025.25001157  .00402606  81930-4  51569-3 0  9993
2 44246  52.9900  40.0602 0070779 152.4688 313.1906 16.01622079 38472
1 44246U 19029M   20025.58335648  .00603719  17684-3  77249-3 0  9999
2 44246  52.9905  38.3232 0070974 153.6888  75.2463 16.01590368 38523
1 44246U 19029M   20025.91667824  .00093010  15085-4  12204-3 0  9991
2 44246  52.9894  36.5951 0070934 154.3118 197.7563 16.01659106 38570
1 44246U 19029M   20026.25001157  .00334637  59532-4  42769-3 0  9997
2 44246  52.9908  34.8731 0071079 155.0041 320.2651 16.01636572 38637
1 44246U 19029M   20026.41667824  .00071609  13605-4  95081-4 0  9998
2 44246  52.9904  34.0016 0070867 156.3936 200.4802 16.01655411 38654
1 44246U 19029M   20026.91667824 -.00005413  11361-4 -22926-5 0  9991
2 44246  52.9886  31.4090 0071139 156.8944 204.7819 16.01678962 38733
1 44246U 19029M   20027.25001157 -.00001813  11361-4  22359-5 0  9999
2 44246  52.9897  29.6838 0071266 157.2679 327.6064 16.01697593 38799
1 44246U 19029M   20027.58334491  .00149146  20784-4  19852-3 0  9997
2 44246  52.9906  27.9245 0067427 160.7571  87.4888 16.01688785 38841
1 44246U 19029M   20027.83334491  .00114150  16914-4  15293-3 0  9997
2 44246  52.9908  26.6261 0067534 161.5385  89.1123 16.01684515 38880
1 44246U 19029M   20027.91667824  .00228026  33409-4  30114-3 0  9990
2 44246  52.9907  26.1936 0067684 161.6898 209.7460 16.01654368 38897
1 44246U 19029M   20028.25001157  .00161569  22416-4  21444-3 0  9999
2 44246  52.9905  24.4663 0067253 162.6637 331.9922 16.01727093 38951
1 44246U 19029M   20028.58334491 -.00008126  11364-4 -58746-5 0  9993
2 44246  52.9907  22.7366 0067010 163.7211  94.1767 16.01788531 39001
1 44246U 19029M   20028.91667824  .00652796  20712-3  85925-3 0  9998
2 44246  52.9910  21.0054 0067461 164.5228 216.6140 16.01621564 39051
1 44246U 19029M   20029.16667824  .00335228  59750-4  44076-3 0  9991
2 44246  52.9909  19.7101 0067222 165.1483 218.3712 16.01711003 39097
1 44246U 19029M   20029.50001157  .00512240  12821-3  67509-3 0  9994
2 44246  52.9902  17.9814 0067080 166.0064 340.8211 16.01654460 39153
1 44246U 19029M   20029.91667824  .00281928  45325-4  37091-3 0  9993
2 44246  52.9907  15.8174 0067004 167.2677 223.6762 16.01755867 39212
1 44246U 19029M   20030.25001157  .00214751  30958-4  28257-3 0  9993
2 44246  52.9909  14.0901 0066391 168.3158 346.0045 16.01886616 39274
1 44246U 19029M   20030.50002315  .01234381  11338-4  14060-2 0  9997
2 44246  52.9928  12.8144 0071000 166.5854 351.7954 16.03210323 39311
1 44246U 19029M   20031.41667824  .00631017  11397-4  67724-3 0  9997
2 44246  52.9928   8.0468 0067274 170.0298 243.5819 16.04600595 39466
1 44246U 19029M   20031.58334491  .00887408  11395-4  91310-3 0  9999
2 44246  52.9924   7.1754 0069136 169.8015 127.2246 16.04929974 39481
1 44246U 19029M   20031.75001157  .00707021  11406-4  72277-3 0  9994
2 44246  52.9874   6.3085 0068954 170.4362  10.2300 16.05060804 39518
1 44246U 19029M   20031.91667824 +.00646384 +11407-4 +65666-3 0  9990
2 44246 052.9898 005.4422 0069849 170.3649 254.0084 16.05035085001834
1 44246U 19029M   20032.00001157  .00254152  11425-4  26080-3 0  9997
2 44246  52.9928   5.0121 0069206 171.8855  14.3239 16.05100904 39554
1 44246U 19029M   20032.25001157  .00220330  11426-4  22212-3 0  9999
2 44246  52.9910   3.7081 0071536 171.8077  19.9203 16.05062063 39599
1 44246U 19029M   20032.58334491  .00238336  11425-4  23323-3 0  9993
2 44246  52.9883   1.9633 0074453 171.5690 147.4554 16.05049298 39647
1 44246U 19029M   20032.91667824  .00561738  11405-4  55349-3 0  9995
2 44246  52.9918   0.2250 0073990 172.9145 273.3613 16.04900534 39708
1 44246U 19029M   20033.25001157  .00532473  11403-4  52958-3 0  9999
2 44246  52.9892 358.4881 0073368 175.0123  38.4375 16.04863165 39754
1 44246U 19029M   20033.58334491  .00231448  11417-4  22953-3 0  9990
2 44246  52.9924 356.7452 0074325 175.7697 164.7884 16.04889290 39803
1 44246U 19029M   20033.83334491  .00350348  11409-4  34977-3 0  9999
2 44246  52.9895 355.4444 0073636 176.8131 169.0435 16.04821338 39849
1 44246U 19029M   20034.16667824 +.00498370 +11398-4 +49914-3 0  9997
2 44246 052.9874 353.7100 0073821 178.0771 294.7925 16.04708576039901
1 44246U 19029M   20034.91667824 +.00572774 +11390-4 +56916-3 0  9993
2 44246 052.9909 349.8015 0075337 179.6377 308.7668 16.04590225001824
1 44246U 19029M   20035.08335648  .00183421  11409-4  18482-3 0  9992
2 44246  52.9872 348.9329 0074818 180.9519 190.9185 16.04654053 40049
1 44246U 19029M   20035.25001157  .00736850  11379-4  72720-3 0  9997
2 44246  52.9875 348.0636 0076298 180.9936  74.2143 16.04527991 40072
1 44246U 19029M   20035.58334491  .00084089  11411-4  84900-4 0  9994
2 44246  52.9905 346.3232 0077270 181.7079 200.2346 16.04585463 40127
1 44246U 19029M   20035.91667824 -.00013376  11414-4 -93957-5 0  9999
2 44246  52.9917 344.5921 0078217 181.8161 326.8029 16.04533903 40181
1 44246U 19029M   20036.16667824 +.00488691 +11385-4 +48442-3 0  9995
2 44246 052.9865 343.2873 0076965 183.9445 329.6529 16.04405008001829
1 44246U 19029M   20036.25001157  .01657183  11324-4  16803-2 0  9999
2 44246  52.9899 342.8534 0075560 185.0556  90.2051 16.04220762 40232
1 44246U 19029M   20036.41667824  .00028332  11407-4  31324-4 0  9992
2 44246  52.9920 341.9840 0076857 184.7398 333.7778 16.04466906 40263
1 44246U 19029M   20036.91667824  .01502279  11328-4  15231-2 0  9994
2 44246  52.9886 339.3814 0076150 186.9639 341.3398 16.04140879 40344
1 44246U 19029M   20037.00001157 +.00179626 +11396-4 +18138-3 0  9996
2 44246 052.9874 338.9470 0076673 186.5806 103.3130 16.04364684001794
1 44246U 19029M   20037.25001157  .01907311  11311-4  18973-2 0  9997
2 44246  52.9901 337.6447 0076934 187.8712 106.8922 16.04285397 40394
1 44246U 19029M   20037.83334491  .00158548  11434-4  13905-3 0  9997
2 44246  52.9896 334.6024 0079820 187.7561 239.5842 16.05846690 40499
1 44246U 19029M   20037.91667824  .02697743  11304-4  24076-2 0  9998
2 44246  52.9878 334.1689 0077904 189.5724 359.8293 16.05616505 40501
1 44246U 19029M   20038.25001157  .04039551  11250-4  35946-2 0  9994
2 44246  52.9885 332.4071 0075831 192.1932 125.7375 16.05953893 40553
1 44246U 19029M   20038.58334491  .00118506  11442-4  10928-3 0  9991
2 44246  52.9898 330.6636 0073559 191.8795 254.4617 16.06194214 40613
1 44246U 19029M   20038.83334491  .00023780  11453-4  23980-4 0  9993
2 44246  52.9899 329.3571 0073679 192.6357 260.4639 16.06477931 40658
1 44246U 19029M   20039.16667824  .01994003  11396-4  14607-2 0  9995
2 44246  52.9851 327.6319 0079059 192.0879  81.8161 16.08032905 40709
1 44246U 19029M   20039.58334491  .01102316  11441-4  78812-3 0  9990
2 44246  52.9888 325.4506 0080567 192.8931 284.3350 16.08126622 40773
1 44246U 19029M   20039.91667824  .02242475  11380-4  16321-2 0  9996
2 44246  52.9872 323.7086 0079673 195.2097  53.2160 16.08018425 40825
1 44246U 19029M   20040.25001157  .01207407  11435-4  85873-3 0  9991
2 44246  52.9891 321.9630 0080404 196.3575 183.3113 16.08214710 40871
1 44246U 19029M   20040.75001157  .01001552  11448-4  70371-3 0  9990
2 44246  52.9889 319.3438 0080794 196.6453 200.0151 16.08314736 40952
1 44246U 19029M   20041.25001157  .00985389  11449-4  68507-3 0  9993
2 44246  52.9889 316.7241 0081124 199.6286 214.1659 16.08396404 41031
1 44246U 19029M   20041.33335648  .00478694  11477-4  32974-3 0  9993
2 44246  52.9898 316.2873 0081243 199.4890 337.2215 16.08541752 41053
1 44246U 19029M   20041.91667824  .01106254  11444-4  76059-3 0  9998
2 44246  52.9876 313.2311 0081377 201.6571 115.1988 16.08490622 41142
1 44246U 19029M   20042.25001157  .00741367  11463-4  50445-3 0  9998
2 44246  52.9892 311.4839 0081611 202.7947 245.6825 16.08603216 41206
1 44246U 19029M   20042.50001157  .00341737  11486-4  23164-3 0  9996
2 44246  52.9882 310.1706 0081747 202.5584 254.6757 16.08699947 41243
1 44246U 19029M   20042.58334491 +.00397319 +11484-4 +26757-3 0  9990
2 44246 052.9880 309.7335 0081893 202.6122 017.5425 16.08739097001788
1 44246U 19029M   20042.91667824  .00785419  11463-4  52773-3 0  9992
2 44246  52.9874 307.9891 0081938 204.9186 146.9958 16.08704470 41300
1 44246U 19029M   20043.25001157  .01254857  11439-4  84032-3 0  9995
2 44246  52.9884 306.2413 0082223 206.1233 277.6126 16.08679536 41367
1 44246U 19029M   20043.58334491  .01764816  11413-4  11766-2 0  9997
2 44246  52.9872 304.4908 0082613 206.0845  49.5333 16.08661843 41418
1 44246U 19029M   20043.91667824  .00303295  11489-4  20084-3 0  9999
2 44246  52.9865 302.7459 0082161 208.1459 179.3874 16.08939021 41467
1 44246U 19029M   20044.25001157  .01616384  11423-4  10702-2 0  9998
2 44246  52.9870 300.9970 0082409 209.3404 310.2132 16.08782174 41524
1 44246U 19029M   20044.50001157  .01407026  11434-4  91806-3 0  9994
2 44246  52.9858 299.6835 0083069 209.2061 319.3865 16.08860779 41560
1 44246U 19029M   20044.58334491 +.02255096 +11392-4 +14887-2 0  9997
2 44246 052.9873 299.2488 0082788 210.5399 081.0849 16.08750206001792
1 44246U 19029M   20044.91667824  .01061434  11453-4  68929-3 0  9998
2 44246  52.9837 297.5016 0082906 211.0786 212.6583 16.08955286 41637
1 44246U 19029M   20045.25001157  .00007940  11507-4  73523-5 0  9996
2 44246  52.9860 295.7521 0082788 212.1835 343.7186 16.09207385 41680
1 44246U 19029M   20045.58334491  .01446659  11436-4  93388-3 0  9997
2 44246  52.9875 294.0039 0082870 213.7849 114.3946 16.09022890 41734
1 44246U 19029M   20045.91668981  .00281703  11494-4  18017-3 0  9994
2 44246  52.9868 292.2555 0082906 214.3383 246.2008 16.09256515 41792
1 44246U 19029M   20046.25001157  .00931741  11463-4  59106-3 0  9992
2 44246  52.9860 290.5061 0083140 215.5462  17.3103 16.09209726 41840
1 44246U 19029M   20046.58335648  .01962725  11415-4  12503-2 0  9996
2 44246  52.9872 288.7578 0083439 217.0401 148.3435 16.09085715 41894
1 44246U 19029M   20046.91667824  .00923855  11465-4  57662-3 0  9998
2 44246  52.9876 287.0128 0083732 216.9069 280.8885 16.09311765 41950
1 44246U 19029M   20047.25001157  .00531162  11485-4  32808-3 0  9990
2 44246  52.9878 285.2591 0083921 217.9580  52.3921 16.09442323 42000
1 44246U 19029M   20047.58334491 +.00925170 +11466-4 +57116-3 0  9990
2 44246 052.9869 283.5093 0084059 218.1391 184.8519 16.09390880042053
1 44246U 19029M   20047.91667824  .01634583  11435-4  10053-2 0  9996
2 44246  52.9865 281.7607 0084369 220.0159 315.6633 16.09365721 42112
1 44246U 19029M   20048.25001157  .01231731  11455-4  74998-3 0  9994
2 44246  52.9862 280.0107 0084539 220.8375  87.5908 16.09467434 42162
1 44246U 19029M   20048.50001157  .02837372  11383-4  17449-2 0  9993
2 44246  52.9832 278.6968 0084940 220.9379  97.1176 16.09262179 42206
1 44246U 19029M   20048.75001157  .00837272  11474-4  50657-3 0  9997
2 44246  52.9880 277.3910 0084289 221.5946 106.0704 16.09601243 42245
1 44246U 19029M   20048.91667824 +.00209694 +11505-4 +12700-3 0  9997
2 44246 052.9864 276.5156 0084186 221.6037 352.4906 16.09759981001843
1 44246U 19029M   20049.08334491  .00923484  11472-4  55572-3 0  9994
2 44246  52.9877 275.6398 0084464 221.7159 238.8585 16.09632585 42306
1 44246U 19029M   20049.33334491  .00488910  11493-4  29294-3 0  9997
2 44246  52.9874 274.3237 0084353 221.5022 248.7877 16.09744135 42348
1 44246U 19029M   20049.86358796 -.00025840  11507-4 -13550-4 0  9995
2 44246  52.9854 271.5194 0083209 226.5220  77.9208 16.09619126 42421
1 44246U 19029M   20049.93381587 +.00636043 +11579-4 +32219-3 0  9999
2 44246 052.9839 271.1326 0075426 227.6684 131.7945 16.13136764042441
1 44246U 19029M   20050.05771582  .00586422  11585-4  29508-3 0  9991
2 44246  52.9828 270.4788 0075063 228.1206 131.3409 16.13277011 42460
1 44246U 19029M   20050.49124664  .00927424  11596-4  44892-3 0  9998
2 44246  52.9821 268.1904 0072639 229.9884 129.4761 16.14078382 42532
1 44246U 19029M   20050.55313913 +.01591495 +11586-4 +73963-3 0  9998
2 44246 052.9819 267.8632 0072420 229.1499 130.3245 16.14561439042544
1 44246U 19029M   20050.73866645  .03897901  11574-4  16018-2 0  9990
2 44246  52.9815 266.8806 0067549 231.8316 127.6622 16.16688398 42573
1 44246U 19029M   20050.86218881 +.05174765 +11588-4 +18618-2 0  9998
2 44246 052.9810 266.2249 0064868 232.4352 127.0782 16.18558233042590
1 44246U 19029M   20050.98554309  .06151202  11617-4  18863-2 0  9996
2 44246  52.9806 265.5673 0061614 231.9157 127.6314 16.20753307 42613
1 44246U 19029M   20051.04713943  .08553668  11549-4  23381-2 0  9994
2 44246  52.9781 265.2366 0055998 234.0239 125.5599 16.22776592 42620
1 44246U 19029M   20051.53742632 +.18847941 +12150-4 +66438-3 0  9996
2 44246 052.9748 262.5840 0029422 241.6302 118.1777 16.40672705042704
1 44246U 19029M   20051.53743625  .17658540  12175-4  76906-3 0  9991
2 44246  52.9662 262.5732 0026963 244.6149 115.2104 16.40063924 42707
